2200,6315,1,0
2200,6950,2,0
2200,3888,3,1
2201,3888,1,0
2201,6950,2,0
2201,6315,3,1
2500,9000016,1,0
2500,3023,2,0
2500,3024,3,0
2500,3025,4,0
2500,3026,5,0
2500,3027,6,0
2500,3034,7,0
2500,3035,8,0
2500,3003,9,0
2500,3001,10,0
2500,3076,11,0
2500,3077,12,0
2500,3078,13,0
2500,3079,14,0
2500,3080,15,0
2500,3000,16,0
2500,100004,17,1
2501,100004,1,0
2501,4175,2,0
2501,4176,3,0
2501,4177,4,0
2501,4178,5,0
2501,4179,6,0
2501,4181,7,0
2501,4182,8,0
2501,3081,9,0
2501,3082,10,0
2501,3083,11,0
2501,3084,12,0
2501,3006,13,0
2501,3007,14,0
2501,3011,15,0
2501,3012,16,0
2501,3014,17,0
2501,3015,18,0
2501,9000016,19,1
4000,3634,1,0
4000,6709,2,0
4000,100020,3,0
4000,100044,4,0
4000,100008,5,0
4000,580,6,0
4000,100000,7,1
4500,100000,1,0
4500,539,2,0
4500,100008,3,0
4500,100044,4,0
4500,100020,5,0
4500,6803,6,0
4500,3634,7,1
5000,3634,1,0
5000,6709,2,0
5000,6619,3,0
5000,6845,4,0
5000,1302,5,0
5000,100035,6,0
5000,228,7,0
5000,100006,8,0
5000,1340,9,0
5000,100002,10,0
5000,100000,11,1
5500,100000,1,0
5500,100002,2,0
5500,228,3,0
5500,100006,4,0
5500,1340,5,0
5500,100035,6,0
5500,6846,7,0
5500,6363,8,0
5500,6803,9,0
5500,3634,10,1
6000,3634,1,0
6000,6709,2,0
6000,6374,3,0
6000,6315,4,0
6000,6950,5,0
6000,6953,6,0
6000,6946,7,0
6000,100004,8,0
6000,100021,9,1
6500,100021,1,0
6500,100004,2,0
6500,6948,3,0
6500,6954,4,0
6500,6950,5,0
6500,6315,6,0
6500,6918,7,0
6500,6803,8,0
6500,3634,9,1
7000,100000,1,0
7000,100002,2,0
7000,1285,3,0
7000,100006,4,0
7000,9013,5,0
7000,100021,6,0
7000,100003,7,0
7000,100004,8,1
7500,100004,1,0
7500,100003,2,0
7500,100021,3,0
7500,9014,4,0
7500,100006,5,0
7500,838,6,0
7500,100002,7,0
7500,100000,8,1
