4000,100001,1,0
4000,9001,2,0
4000,100020,3,0
4000,100044,4,0
4000,100008,5,0
4000,580,6,0
4000,100000,7,1
4500,100000,1,0
4500,539,2,0
4500,100008,3,0
4500,100020,4,0
4500,100044,5,0
4500,9006,6,0
4500,100001,7,1
5000,100001,1,0
5000,9001,2,0
5000,9002,3,0
5000,9003,4,0
5000,1302,5,0
5000,100035,6,0
5000,228,7,0
5000,100006,8,0
5000,1340,9,0
5000,100002,10,0
5000,100000,11,1
5500,100000,1,0
5500,100002,2,0
5500,228,3,0
5500,100006,4,0
5500,1340,5,0
5500,1302,6,0
5500,100035,7,0
5500,9004,8,0
5500,9005,9,0
5500,9006,10,0
5500,100001,11,1
6000,100001,1,0
6000,9001,2,0
6000,9007,3,0
6000,200000,4,0
6000,200001,5,0
6000,9008,6,0
6000,9009,7,0
6000,100004,8,0
6000,100021,9,1
6500,100021,1,0
6500,100004,2,0
6500,9010,3,0
6500,9011,4,0
6500,200001,5,0
6500,200000,6,0
6500,9012,7,0
6500,9006,8,0
6500,100001,9,1
7000,100000,1,0
7000,100002,2,0
7000,1285,3,0
7000,100006,4,0
7000,100021,5,0
7000,100003,6,0
7000,100004,7,1
7500,100004,1,0
7500,100003,2,0
7500,100021,3,0
7500,100006,4,0
7500,838,5,0
7500,100002,6,0
7500,100000,7,1
