3400,'15',736,,3715,4,,1,170,,3716,4,,1,130,,3717,4,,1,170,,3721,4,,1,130,,3723,4,,1,170,,3722,4,,1,130,,3720,4,,1,170,,3724,4,,1,130,,3719,4,,1,170,,3718,4,,1
3400,'16',736,,3725,4,,1,170,,1643,4,,1,130,,3726,4,,1,170,,3729,4,,1,130,,3731,4,,1,170,,3730,4,,1,130,,3728,4,,1,170,,3732,4,,1,130,,1502,4,,1,170,,3727,4,,1
3400,'17',736,,3733,4,,1,170,,1753,4,,1,130,,3734,4,,1,170,,3737,4,,1,130,,3739,4,,1,170,,3738,4,,1,130,,3736,4,,1,170,,3740,4,,1,130,,1511,4,,1,170,,3735,4,,1
3400,'19',736,,3741,4,,1,170,,3742,4,,1,130,,3743,4,,1,170,,3747,4,,1,130,,3749,4,,1,170,,3748,4,,1,130,,3746,4,,1,170,,3750,4,,1,130,,3745,4,,1,170,,3744,4,,1
3400,'5',736,,3751,4,,1,170,,1875,4,,1,130,,3752,4,,1,170,,3755,4,,1,130,,3757,4,,1,170,,3756,4,,1,130,,3754,4,,1,170,,3758,4,,1,130,,1519,4,,1,170,,3753,4,,1
3400,'6',736,,3759,4,,1,170,,3760,4,,1,130,,3761,4,,1,170,,3765,4,,1,130,,3767,4,,1,170,,3766,4,,1,130,,3764,4,,1,170,,3768,4,,1,130,,3763,4,,1,170,,3762,4,,1
3401,'15',745,,3770,0,5 6 7 8 2 7 10,1,170,,3774,0,5 6 7 8 2 7 10,1,130,,3777,0,5 6 7 8 2 7 10,1,170,,3769,0,5 6 7 8 2 7 10,1,130,,3772,0,5 6 7 8 2 7 10,1,170,,3773,0,5 6 7 8 2 7 10,1,130,,3771,0,5 6 7 8 2 7 10,1,170,,3776,0,5 6 7 8 2 7 10,1,130,,3778,0,5 6 7 8 2 7 10,1,170,,3775,0,5 6 7 8 2 7 10,1
3401,'16',745,,3780,0,5 6 7 8 2 7 10,1,170,,3784,0,5 6 7 8 2 7 10,1,130,,3787,0,5 6 7 8 2 7 10,1,170,,3779,0,5 6 7 8 2 7 10,1,130,,3782,0,5 6 7 8 2 7 10,1,170,,3783,0,5 6 7 8 2 7 10,1,130,,3781,0,5 6 7 8 2 7 10,1,170,,3786,0,5 6 7 8 2 7 10,1,130,,3788,0,5 6 7 8 2 7 10,1,170,,3785,0,5 6 7 8 2 7 10,1
3401,'17',745,,3790,0,5 6 7 8 2 7 10,1,170,,3794,0,5 6 7 8 2 7 10,1,130,,3797,0,5 6 7 8 2 7 10,1,170,,3789,0,5 6 7 8 2 7 10,1,130,,3792,0,5 6 7 8 2 7 10,1,170,,3793,0,5 6 7 8 2 7 10,1,130,,3791,0,5 6 7 8 2 7 10,1,170,,3796,0,5 6 7 8 2 7 10,1,130,,3798,0,5 6 7 8 2 7 10,1,170,,3795,0,5 6 7 8 2 7 10,1
3401,'19',745,,3800,0,5 6 7 8 2 7 10,1,170,,3804,0,5 6 7 8 2 7 10,1,130,,3807,0,5 6 7 8 2 7 10,1,170,,3799,0,5 6 7 8 2 7 10,1,130,,3802,0,5 6 7 8 2 7 10,1,170,,3803,0,5 6 7 8 2 7 10,1,130,,3801,0,5 6 7 8 2 7 10,1,170,,3806,0,5 6 7 8 2 7 10,1,130,,3808,0,5 6 7 8 2 7 10,1,170,,3805,0,5 6 7 8 2 7 10,1
3401,'5',745,,3810,0,5 6 7 8 2 7 10,1,170,,3814,0,5 6 7 8 2 7 10,1,130,,3817,0,5 6 7 8 2 7 10,1,170,,3809,0,5 6 7 8 2 7 10,1,130,,3812,0,5 6 7 8 2 7 10,1,170,,3813,0,5 6 7 8 2 7 10,1,130,,3811,0,5 6 7 8 2 7 10,1,170,,3816,0,5 6 7 8 2 7 10,1,130,,3818,0,5 6 7 8 2 7 10,1,170,,3815,0,5 6 7 8 2 7 10,1
3401,'6',745,,3820,0,5 6 7 8 2 7 10,1,170,,3824,0,5 6 7 8 2 7 10,1,130,,3827,0,5 6 7 8 2 7 10,1,170,,3819,0,5 6 7 8 2 7 10,1,130,,3822,0,5 6 7 8 2 7 10,1,170,,3823,0,5 6 7 8 2 7 10,1,130,,3821,0,5 6 7 8 2 7 10,1,170,,3826,0,5 6 7 8 2 7 10,1,130,,3828,0,5 6 7 8 2 7 10,1,170,,3825,0,5 6 7 8 2 7 10,1
4001,'10',719,,3843,0,11 12 29 24,1,100,,3836,0,11 12 29 24,1,100,,3832,0,11 12 29 24,1,100,,3841,0,11 12 29 24,1,100,,3840,0,11 12 29 24,1,100,,3838,0,11 12 29 24,1,100,,3834,0,11 12 29 24,1,100,,3833,0,11 12 29 24,1,100,,3842,0,11 12 29 24,1,100,,3835,0,11 12 29 24,1,100,,3837,0,11 12 29 24,1,100,,3829,0,11 12 29 24,1,100,,3830,0,11 12 29 24,1,100,,3831,0,11 12 29 24,1,100,,3844,0,11 12 29 24,1,100,,3839,0,11 12 29 24,1
4001,'15',719,,3947,4,,1,1,,3884,,,1,19,,3934,4,,1,1,,3854,,,1,19,,3951,4,,1,41,,3847,,,1,19,,3867,4,,1,1,,3878,,,1,19,,3924,4,,1,1,,3927,,,1,19,,3953,4,,1,41,,3880,,,1,19,,3952,4,,1,1,,3935,,,1,19,,3926,4,,1,1,,3909,,,1,19,,3914,4,,1,41,,3852,,,1,19,,3892,4,,1,1,,3918,,,1,19,,3866,4,,1,1,,3913,,,1,19,,3857,4,,1,41,,3869,,,1,19,,3874,4,,1,1,,3941,,,1,19,,3931,4,,1,1,,3938,,,1,19,,3885,4,,1,41,,3949,,,1,19,,3890,4,,1,1,,3920,,,1,19,,3899,4,,1,1,,3932,,,1,19,,3886,4,,1,41,,3923,,,1,19,,3910,4,,1,1,,3939,,,1,19,,3883,4,,1,1,,3919,,,1,19,,3936,4,,1,41,,3937,,,1,19,,3871,4,,1,1,,3898,,,1,19,,3905,4,,1,1,,3873,,,1,19,,3853,4,,1,41,,3940,,,1,19,,3858,4,,1,1,,3897,,,1,19,,3930,4,,1,1,,3907,,,1,19,,3891,4,,1,41,,3904,,,1,19,,3845,4,,1,1,,3900,,,1,19,,3903,4,,1,1,,3908,,,1,19,,3888,4,,1,41,,3943,,,1,19,,3946,4,,1,1,,3872,,,1,19,,3889,4,,1,1,,3848,,,1,19,,3921,4,,1,41,,3856,,,1,19,,3945,4,,1,1,,3950,,,1,19,,3862,4,,1,1,,3911,,,1,19,,3925,4,,1,41,,3906,,,1,19,,3922,4,,1,1,,3849,,,1,19,,3881,4,,1,1,,3879,,,1,19,,3896,4,,1,41,,3942,,,1,19,,3902,4,,1,1,,3933,,,1,19,,3870,4,,1,1,,3868,,,1,19,,3895,4,,1,41,,3948,,,1,19,,3851,4,,1,1,,3860,,,1,19,,3864,4,,1,1,,3887,,,1,19,,3901,4,,1,41,,3861,,,1,19,,3954,4,,1,1,,3917,,,1,19,,3876,4,,1,1,,3846,,,1
4001,'16',719,,4054,4,,1,1,,3993,,,1,19,,4041,4,,1,1,,3963,,,1,19,,4057,4,,1,41,,3957,,,1,19,,3976,4,,1,1,,3987,,,1,19,,4032,4,,1,1,,2176,,,1,19,,4059,4,,1,41,,3989,,,1,19,,4058,4,,1,1,,4042,,,1,19,,4034,4,,1,1,,4017,,,1,19,,4022,4,,1,41,,3962,,,1,19,,4001,4,,1,1,,4026,,,1,19,,3975,4,,1,1,,4021,,,1,19,,3966,4,,1,41,,3978,,,1,19,,3983,4,,1,1,,4048,,,1,19,,4038,4,,1,1,,4045,,,1,19,,3994,4,,1,41,,4056,,,1,19,,3999,4,,1,1,,4028,,,1,19,,4007,4,,1,1,,4039,,,1,19,,3995,4,,1,41,,4031,,,1,19,,4018,4,,1,1,,4046,,,1,19,,3992,4,,1,1,,4027,,,1,19,,4043,4,,1,41,,4044,,,1,19,,3980,4,,1,1,,4006,,,1,19,,4013,4,,1,1,,3982,,,1,19,,1303,4,,1,41,,4047,,,1,19,,3967,4,,1,1,,2131,,,1,19,,4037,4,,1,1,,4015,,,1,19,,4000,4,,1,41,,4012,,,1,19,,3955,4,,1,1,,4008,,,1,19,,4011,4,,1,1,,4016,,,1,19,,3997,4,,1,41,,4050,,,1,19,,4053,4,,1,1,,3981,,,1,19,,3998,4,,1,1,,3958,,,1,19,,4029,4,,1,41,,3965,,,1,19,,4052,4,,1,1,,2672,,,1,19,,3971,4,,1,1,,4019,,,1,19,,4033,4,,1,41,,4014,,,1,19,,4030,4,,1,1,,3959,,,1,19,,3990,4,,1,1,,3988,,,1,19,,4005,4,,1,41,,4049,,,1,19,,4010,4,,1,1,,4040,,,1,19,,3979,4,,1,1,,3977,,,1,19,,4004,4,,1,41,,4055,,,1,19,,3961,4,,1,1,,3969,,,1,19,,3973,4,,1,1,,3996,,,1,19,,4009,4,,1,41,,3970,,,1,19,,4060,4,,1,1,,4025,,,1,19,,3985,4,,1,1,,3956,,,1
4001,'17',719,,4159,4,,1,1,,4098,,,1,19,,4145,4,,1,1,,4069,,,1,19,,4162,4,,1,41,,4063,,,1,19,,4081,4,,1,1,,4093,,,1,19,,4135,4,,1,1,,2279,,,1,19,,4165,4,,1,41,,4095,,,1,19,,4163,4,,1,1,,4146,,,1,19,,4137,4,,1,1,,4121,,,1,19,,4126,4,,1,41,,4068,,,1,19,,4106,4,,1,1,,4129,,,1,19,,4080,4,,1,1,,4125,,,1,19,,4072,4,,1,41,,4083,,,1,19,,4089,4,,1,1,,4152,,,1,19,,4141,4,,1,1,,4149,,,1,19,,4099,4,,1,41,,4161,,,1,19,,4104,4,,1,1,,4131,,,1,19,,4111,4,,1,1,,4142,,,1,19,,4100,4,,1,41,,4134,,,1,19,,4122,4,,1,1,,4150,,,1,19,,4097,4,,1,1,,4130,,,1,19,,4147,4,,1,41,,4148,,,1,19,,4085,4,,1,1,,4110,,,1,19,,4117,4,,1,1,,4087,,,1,19,,968,4,,1,41,,4151,,,1,19,,4073,4,,1,1,,994,,,1,19,,4140,4,,1,1,,4119,,,1,19,,4105,4,,1,41,,4116,,,1,19,,4061,4,,1,1,,4112,,,1,19,,4115,4,,1,1,,4120,,,1,19,,4102,4,,1,41,,4154,,,1,19,,4158,4,,1,1,,4086,,,1,19,,4103,4,,1,1,,4064,,,1,19,,4132,4,,1,41,,4071,,,1,19,,4157,4,,1,1,,32,,,1,19,,4077,4,,1,1,,4123,,,1,19,,4136,4,,1,41,,4118,,,1,19,,4133,4,,1,1,,4065,,,1,19,,4096,4,,1,1,,4094,,,1,19,,4109,4,,1,41,,4153,,,1,19,,4114,4,,1,1,,4143,,,1,19,,4084,4,,1,1,,4082,,,1,19,,4108,4,,1,41,,4160,,,1,19,,4067,4,,1,1,,4075,,,1,19,,4078,4,,1,1,,4101,,,1,19,,4113,4,,1,41,,4076,,,1,19,,4166,4,,1,1,,4128,,,1,19,,4091,4,,1,1,,4062,,,1
4001,'19',719,,4268,4,,1,1,,4205,,,1,19,,4255,4,,1,1,,4176,,,1,19,,4272,4,,1,41,,4169,,,1,19,,4188,4,,1,1,,4200,,,1,19,,4245,4,,1,1,,4248,,,1,19,,4275,4,,1,41,,4202,,,1,19,,4273,4,,1,1,,4256,,,1,19,,4247,4,,1,1,,4231,,,1,19,,4236,4,,1,41,,4174,,,1,19,,4214,4,,1,1,,4239,,,1,19,,4187,4,,1,1,,4235,,,1,19,,4179,4,,1,41,,4190,,,1,19,,4196,4,,1,1,,4262,,,1,19,,4252,4,,1,1,,4259,,,1,19,,4206,4,,1,41,,4270,,,1,19,,4212,4,,1,1,,4241,,,1,19,,4220,4,,1,1,,4253,,,1,19,,4207,4,,1,41,,4244,,,1,19,,4232,4,,1,1,,4260,,,1,19,,4204,4,,1,1,,4240,,,1,19,,4257,4,,1,41,,4258,,,1,19,,4192,4,,1,1,,4219,,,1,19,,4226,4,,1,1,,4194,,,1,19,,4175,4,,1,41,,4261,,,1,19,,4180,4,,1,1,,4218,,,1,19,,4251,4,,1,1,,4228,,,1,19,,4213,4,,1,41,,4225,,,1,19,,4167,4,,1,1,,4221,,,1,19,,4224,4,,1,1,,4230,,,1,19,,4210,4,,1,41,,4264,,,1,19,,4267,4,,1,1,,4193,,,1,19,,4211,4,,1,1,,4170,,,1,19,,4242,4,,1,41,,4178,,,1,19,,4266,4,,1,1,,4271,,,1,19,,4184,4,,1,1,,4233,,,1,19,,4246,4,,1,41,,4227,,,1,19,,4243,4,,1,1,,4171,,,1,19,,4203,4,,1,1,,4201,,,1,19,,4217,4,,1,41,,4263,,,1,19,,4223,4,,1,1,,4254,,,1,19,,4191,4,,1,1,,4189,,,1,19,,4216,4,,1,41,,4269,,,1,19,,4173,4,,1,1,,4182,,,1,19,,4185,4,,1,1,,4208,,,1,19,,4222,4,,1,41,,4183,,,1,19,,4276,4,,1,1,,4238,,,1,19,,4198,4,,1,1,,4168,,,1
4001,'21',719,,4291,0,11 12 29 24,1,100,,4284,0,11 12 29 24,1,100,,4280,0,11 12 29 24,1,100,,4289,0,11 12 29 24,1,100,,4288,0,11 12 29 24,1,100,,4286,0,11 12 29 24,1,100,,4282,0,11 12 29 24,1,100,,4281,0,11 12 29 24,1,100,,4290,0,11 12 29 24,1,100,,4283,0,11 12 29 24,1,100,,4285,0,11 12 29 24,1,100,,4277,0,11 12 29 24,1,100,,4278,0,11 12 29 24,1,100,,4279,0,11 12 29 24,1,100,,4292,0,11 12 29 24,1,100,,4287,0,11 12 29 24,1
4001,'5',719,,4392,4,,1,1,,4331,,,1,19,,4379,4,,1,1,,4301,,,1,19,,4395,4,,1,41,,4295,,,1,19,,4314,4,,1,1,,4325,,,1,19,,4370,4,,1,1,,2398,,,1,19,,4397,4,,1,41,,4327,,,1,19,,4396,4,,1,1,,4380,,,1,19,,4372,4,,1,1,,4355,,,1,19,,4360,4,,1,41,,4300,,,1,19,,4339,4,,1,1,,4364,,,1,19,,4313,4,,1,1,,4359,,,1,19,,4304,4,,1,41,,4316,,,1,19,,4321,4,,1,1,,4386,,,1,19,,4376,4,,1,1,,4383,,,1,19,,4332,4,,1,41,,4394,,,1,19,,4337,4,,1,1,,4366,,,1,19,,4345,4,,1,1,,4377,,,1,19,,4333,4,,1,41,,4369,,,1,19,,4356,4,,1,1,,4384,,,1,19,,4330,4,,1,1,,4365,,,1,19,,4381,4,,1,41,,4382,,,1,19,,4318,4,,1,1,,4344,,,1,19,,4351,4,,1,1,,4320,,,1,19,,913,4,,1,41,,4385,,,1,19,,4305,4,,1,1,,939,,,1,19,,4375,4,,1,1,,4353,,,1,19,,4338,4,,1,41,,4350,,,1,19,,4293,4,,1,1,,4346,,,1,19,,4349,4,,1,1,,4354,,,1,19,,4335,4,,1,41,,4388,,,1,19,,4391,4,,1,1,,4319,,,1,19,,4336,4,,1,1,,4296,,,1,19,,4367,4,,1,41,,4303,,,1,19,,4390,4,,1,1,,21,,,1,19,,4309,4,,1,1,,4357,,,1,19,,4371,4,,1,41,,4352,,,1,19,,4368,4,,1,1,,4297,,,1,19,,4328,4,,1,1,,4326,,,1,19,,4343,4,,1,41,,4387,,,1,19,,4348,4,,1,1,,4378,,,1,19,,4317,4,,1,1,,4315,,,1,19,,4342,4,,1,41,,4393,,,1,19,,4299,4,,1,1,,4307,,,1,19,,4311,4,,1,1,,4334,,,1,19,,4347,4,,1,41,,4308,,,1,19,,4398,4,,1,1,,4363,,,1,19,,4323,4,,1,1,,4294,,,1
4001,'6',719,,4500,4,,1,1,,4437,,,1,19,,4487,4,,1,1,,4408,,,1,19,,4504,4,,1,41,,4401,,,1,19,,4420,4,,1,1,,4432,,,1,19,,4475,4,,1,1,,4478,,,1,19,,4507,4,,1,41,,4434,,,1,19,,4505,4,,1,1,,4488,,,1,19,,4477,4,,1,1,,4461,,,1,19,,4466,4,,1,41,,4406,,,1,19,,4445,4,,1,1,,4469,,,1,19,,4419,4,,1,1,,4465,,,1,19,,4411,4,,1,41,,4422,,,1,19,,4428,4,,1,1,,4494,,,1,19,,4483,4,,1,1,,4491,,,1,19,,4438,4,,1,41,,4502,,,1,19,,4443,4,,1,1,,4471,,,1,19,,4451,4,,1,1,,4484,,,1,19,,4439,4,,1,41,,4474,,,1,19,,4462,4,,1,1,,4492,,,1,19,,4436,4,,1,1,,4470,,,1,19,,4489,4,,1,41,,4490,,,1,19,,4424,4,,1,1,,4450,,,1,19,,4457,4,,1,1,,4426,,,1,19,,4407,4,,1,41,,4493,,,1,19,,4412,4,,1,1,,4449,,,1,19,,4482,4,,1,1,,4459,,,1,19,,4444,4,,1,41,,4456,,,1,19,,4399,4,,1,1,,4452,,,1,19,,4455,4,,1,1,,4460,,,1,19,,4441,4,,1,41,,4496,,,1,19,,4499,4,,1,1,,4425,,,1,19,,4442,4,,1,1,,4402,,,1,19,,4472,4,,1,41,,4410,,,1,19,,4498,4,,1,1,,4503,,,1,19,,4416,4,,1,1,,4463,,,1,19,,4476,4,,1,41,,4458,,,1,19,,4473,4,,1,1,,4403,,,1,19,,4435,4,,1,1,,4433,,,1,19,,4448,4,,1,41,,4495,,,1,19,,4454,4,,1,1,,4486,,,1,19,,4423,4,,1,1,,4421,,,1,19,,4447,4,,1,41,,4501,,,1,19,,4405,4,,1,1,,4414,,,1,19,,4417,4,,1,1,,4440,,,1,19,,4453,4,,1,41,,4415,,,1,19,,4508,4,,1,1,,4468,,,1,19,,4430,4,,1,1,,4400,,,1
4501,'10',732,,4521,0,11 12 30 13,1,100,,4510,0,11 12 30 13,1,100,,4515,0,11 12 30 13,1,100,,4516,0,11 12 30 13,1,100,,4523,0,11 12 30 13,1,100,,4519,0,11 12 30 13,1,100,,4520,0,11 12 30 13,1,100,,4513,0,11 12 30 13,1,100,,4518,0,11 12 30 13,1,100,,4522,0,11 12 30 13,1,100,,4512,0,11 12 30 13,1,100,,4524,0,11 12 30 13,1,100,,4517,0,11 12 30 13,1,100,,4511,0,11 12 30 13,1,100,,4514,0,11 12 30 13,1,100,,4509,0,11 12 30 13,1
4501,'15',711,,4557,4,,1,14,,4554,0,20 21 18 19,1,6,,4561,4,,1,1,,4624,0,14 2 5 13,1,13,,4625,0,20 21 18 19,1,6,,4621,4,,1,54,,4601,0,20 21 18 19,1,6,,4586,4,,1,14,,4626,0,20 21 18 19,1,6,,4568,4,,1,1,,4551,0,14 2 5 13,1,13,,4548,0,20 21 18 19,1,6,,4560,4,,1,54,,4555,0,20 21 18 19,1,6,,4526,4,,1,14,,4608,0,20 21 18 19,1,6,,4581,4,,1,1,,4602,0,14 2 5 13,1,13,,4597,0,20 21 18 19,1,6,,4606,4,,1,54,,4564,0,20 21 18 19,1,6,,4594,4,,1,14,,4552,0,20 21 18 19,1,6,,4595,4,,1,1,,4622,0,14 2 5 13,1,13,,4630,0,20 21 18 19,1,6,,4598,4,,1,54,,4559,0,20 21 18 19,1,6,,4616,4,,1,14,,4550,0,20 21 18 19,1,6,,4619,4,,1,1,,4566,0,14 2 5 13,1,13,,4529,0,20 21 18 19,1,6,,4618,4,,1,54,,4631,0,20 21 18 19,1,6,,4540,4,,1,14,,4527,0,20 21 18 19,1,6,,4582,4,,1,1,,4591,0,14 2 5 13,1,13,,4632,0,20 21 18 19,1,6,,4592,4,,1,54,,4604,0,20 21 18 19,1,6,,4541,4,,1,14,,4544,0,20 21 18 19,1,6,,4536,4,,1,1,,4537,0,14 2 5 13,1,13,,4567,0,20 21 18 19,1,6,,4528,4,,1,54,,4615,0,20 21 18 19,1,6,,4570,4,,1,14,,4539,0,20 21 18 19,1,6,,4633,4,,1,1,,4623,0,14 2 5 13,1,13,,4531,0,20 21 18 19,1,6,,4634,4,,1,54,,4628,0,20 21 18 19,1,6,,4584,4,,1,14,,4609,0,20 21 18 19,1,6,,4549,4,,1,1,,4543,0,14 2 5 13,1,13,,4599,0,20 21 18 19,1,6,,4579,4,,1,54,,4596,0,20 21 18 19,1,6,,4562,4,,1,14,,4587,0,20 21 18 19,1,6,,4611,4,,1,1,,4575,0,14 2 5 13,1,13,,4563,0,20 21 18 19,1,6,,4574,4,,1,54,,4578,0,20 21 18 19,1,6,,4577,4,,1,14,,4556,0,20 21 18 19,1,6,,4589,4,,1,1,,4614,0,14 2 5 13,1,13,,4612,0,20 21 18 19,1,6,,4558,4,,1,54,,4600,0,20 21 18 19,1,6,,4588,4,,1,14,,4572,0,20 21 18 19,1,6,,4547,4,,1,1,,4605,0,11 12 30 13,1,13,,4583,0,20 21 18 19,1,6,,4610,4,,1,54,,4533,0,20 21 18 19,1,6,,4569,4,,1,14,,4565,0,20 21 18 19,1,6,,4607,4,,1,1,,4538,0,11 12 30 13,1,13,,4571,0,20 21 18 19,1,6,,4532,4,,1,54,,4573,0,20 21 18 19,1,6,,4629,4,,1,14,,4530,0,20 21 18 19,1,6,,4593,4,,1,1,,4535,0,11 12 30 13,1,13,,4613,0,20 21 18 19,1,6,,4617,4,,1,54,,4534,0,20 21 18 19,1,6,,4620,4,,1,14,,4545,0,20 21 18 19,1,6,,4542,4,,1,1,,4585,0,11 12 30 13,1,13,,4627,0,20 21 18 19,1,6,,4576,4,,1,54,,4553,0,20 21 18 19,1,6,,4580,4,,1,14,,4590,0,20 21 18 19,1,6,,4603,4,,1,1,,4546,0,11 12 30 13,1,13,,4525,0,20 21 18 19,1
4501,'16',711,,4666,4,,1,14,,4663,0,20 21 18 19,1,6,,2512,4,,1,1,,4728,0,14 2 5 13,1,13,,4729,0,20 21 18 19,1,6,,4725,4,,1,54,,4705,0,20 21 18 19,1,6,,4691,4,,1,14,,4730,0,20 21 18 19,1,6,,2872,4,,1,1,,4660,0,14 2 5 13,1,13,,4658,0,20 21 18 19,1,6,,4669,4,,1,54,,4664,0,20 21 18 19,1,6,,4636,4,,1,14,,4712,0,20 21 18 19,1,6,,4687,4,,1,1,,4706,0,14 2 5 13,1,13,,4701,0,20 21 18 19,1,6,,4710,4,,1,54,,4672,0,20 21 18 19,1,6,,4698,4,,1,14,,4661,0,20 21 18 19,1,6,,4699,4,,1,1,,4726,0,14 2 5 13,1,13,,4734,0,20 21 18 19,1,6,,4702,4,,1,54,,4668,0,20 21 18 19,1,6,,4720,4,,1,14,,4659,0,20 21 18 19,1,6,,4723,4,,1,1,,4674,0,14 2 5 13,1,13,,4639,0,20 21 18 19,1,6,,4722,4,,1,54,,4735,0,20 21 18 19,1,6,,4650,4,,1,14,,4637,0,20 21 18 19,1,6,,4688,4,,1,1,,1717,0,14 2 5 13,1,13,,4736,0,20 21 18 19,1,6,,4696,4,,1,54,,4708,0,20 21 18 19,1,6,,4651,4,,1,14,,4654,0,20 21 18 19,1,6,,4646,4,,1,1,,4647,0,14 2 5 13,1,13,,4675,0,20 21 18 19,1,6,,4638,4,,1,54,,4719,0,20 21 18 19,1,6,,4677,4,,1,14,,4649,0,20 21 18 19,1,6,,4737,4,,1,1,,4727,0,14 2 5 13,1,13,,4641,0,20 21 18 19,1,6,,4738,4,,1,54,,4732,0,20 21 18 19,1,6,,4690,4,,1,14,,4713,0,20 21 18 19,1,6,,2633,4,,1,1,,4653,0,14 2 5 13,1,13,,4703,0,20 21 18 19,1,6,,4685,4,,1,54,,4700,0,20 21 18 19,1,6,,4670,4,,1,14,,4692,0,20 21 18 19,1,6,,4715,4,,1,1,,4682,0,14 2 5 13,1,13,,4671,0,20 21 18 19,1,6,,4681,4,,1,54,,4684,0,20 21 18 19,1,6,,1311,4,,1,14,,4665,0,20 21 18 19,1,6,,4694,4,,1,1,,4718,0,14 2 5 13,1,13,,4717,0,20 21 18 19,1,6,,4667,4,,1,54,,4704,0,20 21 18 19,1,6,,4693,4,,1,14,,4679,0,20 21 18 19,1,6,,4657,4,,1,1,,4709,0,11 12 30 13,1,13,,4689,0,20 21 18 19,1,6,,4714,4,,1,54,,4643,0,20 21 18 19,1,6,,4676,4,,1,14,,4673,0,20 21 18 19,1,6,,4711,4,,1,1,,4648,0,11 12 30 13,1,13,,4678,0,20 21 18 19,1,6,,4642,4,,1,54,,4680,0,20 21 18 19,1,6,,4733,4,,1,14,,4640,0,20 21 18 19,1,6,,4697,4,,1,1,,4645,0,11 12 30 13,1,13,,4716,0,20 21 18 19,1,6,,4721,4,,1,54,,4644,0,20 21 18 19,1,6,,4724,4,,1,14,,4655,0,20 21 18 19,1,6,,4652,4,,1,1,,2158,0,11 12 30 13,1,13,,4731,0,20 21 18 19,1,6,,4683,4,,1,54,,4662,0,20 21 18 19,1,6,,4686,4,,1,14,,4695,0,20 21 18 19,1,6,,4707,4,,1,1,,4656,0,11 12 30 13,1,13,,4635,0,20 21 18 19,1
4501,'17',711,,4769,4,,1,14,,4766,0,20 21 18 19,1,6,,2528,4,,1,1,,1820,0,14 2 5 13,1,13,,4831,0,20 21 18 19,1,6,,4828,4,,1,54,,4809,0,20 21 18 19,1,6,,4794,4,,1,14,,4832,0,20 21 18 19,1,6,,2923,4,,1,1,,4763,0,14 2 5 13,1,13,,4761,0,20 21 18 19,1,6,,4772,4,,1,54,,4767,0,20 21 18 19,1,6,,4740,4,,1,14,,4815,0,20 21 18 19,1,6,,4789,4,,1,1,,4790,0,14 2 5 13,1,13,,4805,0,20 21 18 19,1,6,,4813,4,,1,54,,4775,0,20 21 18 19,1,6,,4802,4,,1,14,,4764,0,20 21 18 19,1,6,,4803,4,,1,1,,4829,0,14 2 5 13,1,13,,4836,0,20 21 18 19,1,6,,4806,4,,1,54,,4771,0,20 21 18 19,1,6,,4823,4,,1,14,,4762,0,20 21 18 19,1,6,,4826,4,,1,1,,4752,0,14 2 5 13,1,13,,4743,0,20 21 18 19,1,6,,4825,4,,1,54,,4837,0,20 21 18 19,1,6,,4753,4,,1,14,,4741,0,20 21 18 19,1,6,,4791,4,,1,1,,1821,0,14 2 5 13,1,13,,4838,0,20 21 18 19,1,6,,4800,4,,1,54,,4811,0,20 21 18 19,1,6,,4754,4,,1,14,,4757,0,20 21 18 19,1,6,,4749,4,,1,1,,4799,0,14 2 5 13,1,13,,4777,0,20 21 18 19,1,6,,4742,4,,1,54,,4822,0,20 21 18 19,1,6,,4779,4,,1,14,,4751,0,20 21 18 19,1,6,,4839,4,,1,1,,4830,0,14 2 5 13,1,13,,4745,0,20 21 18 19,1,6,,4840,4,,1,54,,4834,0,20 21 18 19,1,6,,4793,4,,1,14,,4816,0,20 21 18 19,1,6,,2684,4,,1,1,,4756,0,14 2 5 13,1,13,,4807,0,20 21 18 19,1,6,,4787,4,,1,54,,4804,0,20 21 18 19,1,6,,4773,4,,1,14,,4795,0,20 21 18 19,1,6,,4818,4,,1,1,,4784,0,14 2 5 13,1,13,,4774,0,20 21 18 19,1,6,,4783,4,,1,54,,4786,0,20 21 18 19,1,6,,1326,4,,1,14,,4768,0,20 21 18 19,1,6,,4797,4,,1,1,,4821,0,14 2 5 13,1,13,,4820,0,20 21 18 19,1,6,,4770,4,,1,54,,4808,0,20 21 18 19,1,6,,4796,4,,1,14,,4781,0,20 21 18 19,1,6,,4760,4,,1,1,,4812,0,11 12 30 13,1,13,,4792,0,20 21 18 19,1,6,,4817,4,,1,54,,4747,0,20 21 18 19,1,6,,4778,4,,1,14,,4776,0,20 21 18 19,1,6,,4814,4,,1,1,,4750,0,11 12 30 13,1,13,,4780,0,20 21 18 19,1,6,,4746,4,,1,54,,4782,0,20 21 18 19,1,6,,4835,4,,1,14,,4744,0,20 21 18 19,1,6,,4801,4,,1,1,,2197,0,11 12 30 13,1,13,,4819,0,20 21 18 19,1,6,,4824,4,,1,54,,4748,0,20 21 18 19,1,6,,4827,4,,1,14,,4758,0,20 21 18 19,1,6,,4755,4,,1,1,,885,0,11 12 30 13,1,13,,4833,0,20 21 18 19,1,6,,4785,4,,1,54,,4765,0,20 21 18 19,1,6,,4788,4,,1,14,,4798,0,20 21 18 19,1,6,,4810,4,,1,1,,4759,0,11 12 30 13,1,13,,4739,0,20 21 18 19,1
4501,'19',711,,4874,4,,1,14,,4871,0,20 21 18 19,1,6,,4878,4,,1,1,,4908,0,14 2 5 13,1,13,,4941,0,20 21 18 19,1,6,,4938,4,,1,54,,4919,0,20 21 18 19,1,6,,4903,4,,1,14,,4942,0,20 21 18 19,1,6,,4884,4,,1,1,,4868,0,14 2 5 13,1,13,,4864,0,20 21 18 19,1,6,,4877,4,,1,54,,4872,0,20 21 18 19,1,6,,4842,4,,1,14,,4925,0,20 21 18 19,1,6,,4897,4,,1,1,,4898,0,14 2 5 13,1,13,,4915,0,20 21 18 19,1,6,,4923,4,,1,54,,4881,0,20 21 18 19,1,6,,4912,4,,1,14,,4869,0,20 21 18 19,1,6,,4913,4,,1,1,,4939,0,14 2 5 13,1,13,,4946,0,20 21 18 19,1,6,,4916,4,,1,54,,4876,0,20 21 18 19,1,6,,4933,4,,1,14,,4866,0,20 21 18 19,1,6,,4936,4,,1,1,,4851,0,14 2 5 13,1,13,,4845,0,20 21 18 19,1,6,,4935,4,,1,54,,4947,0,20 21 18 19,1,6,,4856,4,,1,14,,4843,0,20 21 18 19,1,6,,4899,4,,1,1,,4909,0,14 2 5 13,1,13,,4948,0,20 21 18 19,1,6,,4910,4,,1,54,,4921,0,20 21 18 19,1,6,,4857,4,,1,14,,4860,0,20 21 18 19,1,6,,4853,4,,1,1,,4867,0,14 2 5 13,1,13,,4883,0,20 21 18 19,1,6,,4844,4,,1,54,,4932,0,20 21 18 19,1,6,,4886,4,,1,14,,4855,0,20 21 18 19,1,6,,4949,4,,1,1,,4940,0,14 2 5 13,1,13,,4847,0,20 21 18 19,1,6,,4950,4,,1,54,,4944,0,20 21 18 19,1,6,,4901,4,,1,14,,4926,0,20 21 18 19,1,6,,4865,4,,1,1,,4859,0,14 2 5 13,1,13,,4917,0,20 21 18 19,1,6,,4895,4,,1,54,,4914,0,20 21 18 19,1,6,,4879,4,,1,14,,4904,0,20 21 18 19,1,6,,4928,4,,1,1,,4891,0,14 2 5 13,1,13,,4880,0,20 21 18 19,1,6,,4890,4,,1,54,,4894,0,20 21 18 19,1,6,,4893,4,,1,14,,4873,0,20 21 18 19,1,6,,4906,4,,1,1,,4931,0,14 2 5 13,1,13,,4930,0,20 21 18 19,1,6,,4875,4,,1,54,,4918,0,20 21 18 19,1,6,,4905,4,,1,14,,4888,0,20 21 18 19,1,6,,4863,4,,1,1,,4922,0,11 12 30 13,1,13,,4900,0,20 21 18 19,1,6,,4927,4,,1,54,,4849,0,20 21 18 19,1,6,,4885,4,,1,14,,4882,0,20 21 18 19,1,6,,4924,4,,1,1,,4854,0,11 12 30 13,1,13,,4887,0,20 21 18 19,1,6,,4848,4,,1,54,,4889,0,20 21 18 19,1,6,,4945,4,,1,14,,4846,0,20 21 18 19,1,6,,4911,4,,1,1,,4852,0,11 12 30 13,1,13,,4929,0,20 21 18 19,1,6,,4934,4,,1,54,,4850,0,20 21 18 19,1,6,,4937,4,,1,14,,4861,0,20 21 18 19,1,6,,4858,4,,1,1,,4902,0,11 12 30 13,1,13,,4943,0,20 21 18 19,1,6,,4892,4,,1,54,,4870,0,20 21 18 19,1,6,,4896,4,,1,14,,4907,0,20 21 18 19,1,6,,4920,4,,1,1,,4862,0,11 12 30 13,1,13,,4841,0,20 21 18 19,1
4501,'21',732,,4963,0,11 12 30 13,1,100,,4952,0,11 12 30 13,1,100,,4957,0,11 12 30 13,1,100,,4958,0,11 12 30 13,1,100,,4965,0,11 12 30 13,1,100,,4961,0,11 12 30 13,1,100,,4962,0,11 12 30 13,1,100,,4955,0,11 12 30 13,1,100,,4960,0,11 12 30 13,1,100,,4964,0,11 12 30 13,1,100,,4954,0,11 12 30 13,1,100,,4966,0,11 12 30 13,1,100,,4959,0,11 12 30 13,1,100,,4953,0,11 12 30 13,1,100,,4956,0,11 12 30 13,1,100,,4951,0,11 12 30 13,1
4501,'5',711,,4998,4,,1,14,,4995,0,20 21 18 19,1,6,,2559,4,,1,1,,5060,0,14 2 5 13,1,13,,5061,0,20 21 18 19,1,6,,5057,4,,1,54,,5037,0,20 21 18 19,1,6,,5023,4,,1,14,,5062,0,20 21 18 19,1,6,,2988,4,,1,1,,4992,0,14 2 5 13,1,13,,4990,0,20 21 18 19,1,6,,5001,4,,1,54,,4996,0,20 21 18 19,1,6,,4968,4,,1,14,,5044,0,20 21 18 19,1,6,,5019,4,,1,1,,5038,0,14 2 5 13,1,13,,5033,0,20 21 18 19,1,6,,5042,4,,1,54,,5004,0,20 21 18 19,1,6,,5030,4,,1,14,,4993,0,20 21 18 19,1,6,,5031,4,,1,1,,5058,0,14 2 5 13,1,13,,5066,0,20 21 18 19,1,6,,5034,4,,1,54,,5000,0,20 21 18 19,1,6,,5052,4,,1,14,,4991,0,20 21 18 19,1,6,,5055,4,,1,1,,5006,0,14 2 5 13,1,13,,4971,0,20 21 18 19,1,6,,5054,4,,1,54,,5067,0,20 21 18 19,1,6,,4982,4,,1,14,,4969,0,20 21 18 19,1,6,,5020,4,,1,1,,1943,0,14 2 5 13,1,13,,5068,0,20 21 18 19,1,6,,5028,4,,1,54,,5040,0,20 21 18 19,1,6,,4983,4,,1,14,,4986,0,20 21 18 19,1,6,,4978,4,,1,1,,4979,0,14 2 5 13,1,13,,5007,0,20 21 18 19,1,6,,4970,4,,1,54,,5051,0,20 21 18 19,1,6,,5009,4,,1,14,,4981,0,20 21 18 19,1,6,,5069,4,,1,1,,5059,0,14 2 5 13,1,13,,4973,0,20 21 18 19,1,6,,5070,4,,1,54,,5064,0,20 21 18 19,1,6,,5022,4,,1,14,,5045,0,20 21 18 19,1,6,,2747,4,,1,1,,4985,0,14 2 5 13,1,13,,5035,0,20 21 18 19,1,6,,5017,4,,1,54,,5032,0,20 21 18 19,1,6,,5002,4,,1,14,,5024,0,20 21 18 19,1,6,,5047,4,,1,1,,5014,0,14 2 5 13,1,13,,5003,0,20 21 18 19,1,6,,5013,4,,1,54,,5016,0,20 21 18 19,1,6,,1357,4,,1,14,,4997,0,20 21 18 19,1,6,,5026,4,,1,1,,5050,0,14 2 5 13,1,13,,5049,0,20 21 18 19,1,6,,4999,4,,1,54,,5036,0,20 21 18 19,1,6,,5025,4,,1,14,,5011,0,20 21 18 19,1,6,,4989,4,,1,1,,5041,0,11 12 30 13,1,13,,5021,0,20 21 18 19,1,6,,5046,4,,1,54,,4975,0,20 21 18 19,1,6,,5008,4,,1,14,,5005,0,20 21 18 19,1,6,,5043,4,,1,1,,4980,0,11 12 30 13,1,13,,5010,0,20 21 18 19,1,6,,4974,4,,1,54,,5012,0,20 21 18 19,1,6,,5065,4,,1,14,,4972,0,20 21 18 19,1,6,,5029,4,,1,1,,4977,0,11 12 30 13,1,13,,5048,0,20 21 18 19,1,6,,5053,4,,1,54,,4976,0,20 21 18 19,1,6,,5056,4,,1,14,,4987,0,20 21 18 19,1,6,,4984,4,,1,1,,832,0,11 12 30 13,1,13,,5063,0,20 21 18 19,1,6,,5015,4,,1,54,,4994,0,20 21 18 19,1,6,,5018,4,,1,14,,5027,0,20 21 18 19,1,6,,5039,4,,1,1,,4988,0,11 12 30 13,1,13,,4967,0,20 21 18 19,1
4501,'6',711,,5103,4,,1,14,,5100,0,20 21 18 19,1,6,,5107,4,,1,1,,5137,0,14 2 5 13,1,13,,5171,0,20 21 18 19,1,6,,5168,4,,1,54,,5149,0,20 21 18 19,1,6,,5132,4,,1,14,,5172,0,20 21 18 19,1,6,,5113,4,,1,1,,5097,0,14 2 5 13,1,13,,5094,0,20 21 18 19,1,6,,5106,4,,1,54,,5101,0,20 21 18 19,1,6,,5072,4,,1,14,,5155,0,20 21 18 19,1,6,,5126,4,,1,1,,5127,0,14 2 5 13,1,13,,5144,0,20 21 18 19,1,6,,5153,4,,1,54,,5110,0,20 21 18 19,1,6,,5141,4,,1,14,,5098,0,20 21 18 19,1,6,,5142,4,,1,1,,5169,0,14 2 5 13,1,13,,5176,0,20 21 18 19,1,6,,5145,4,,1,54,,5105,0,20 21 18 19,1,6,,5163,4,,1,14,,5096,0,20 21 18 19,1,6,,5166,4,,1,1,,5079,0,14 2 5 13,1,13,,5075,0,20 21 18 19,1,6,,5165,4,,1,54,,5177,0,20 21 18 19,1,6,,5086,4,,1,14,,5073,0,20 21 18 19,1,6,,5128,4,,1,1,,5138,0,14 2 5 13,1,13,,5178,0,20 21 18 19,1,6,,5139,4,,1,54,,5151,0,20 21 18 19,1,6,,5087,4,,1,14,,5090,0,20 21 18 19,1,6,,5083,4,,1,1,,5148,0,14 2 5 13,1,13,,5112,0,20 21 18 19,1,6,,5074,4,,1,54,,5162,0,20 21 18 19,1,6,,5115,4,,1,14,,5085,0,20 21 18 19,1,6,,5179,4,,1,1,,5170,0,14 2 5 13,1,13,,5077,0,20 21 18 19,1,6,,5180,4,,1,54,,5174,0,20 21 18 19,1,6,,5130,4,,1,14,,5156,0,20 21 18 19,1,6,,5095,4,,1,1,,5089,0,14 2 5 13,1,13,,5146,0,20 21 18 19,1,6,,5124,4,,1,54,,5143,0,20 21 18 19,1,6,,5108,4,,1,14,,5133,0,20 21 18 19,1,6,,5158,4,,1,1,,5120,0,14 2 5 13,1,13,,5109,0,20 21 18 19,1,6,,5119,4,,1,54,,5123,0,20 21 18 19,1,6,,5122,4,,1,14,,5102,0,20 21 18 19,1,6,,5135,4,,1,1,,5161,0,14 2 5 13,1,13,,5159,0,20 21 18 19,1,6,,5104,4,,1,54,,5147,0,20 21 18 19,1,6,,5134,4,,1,14,,5117,0,20 21 18 19,1,6,,5093,4,,1,1,,5152,0,11 12 30 13,1,13,,5129,0,20 21 18 19,1,6,,5157,4,,1,54,,5080,0,20 21 18 19,1,6,,5114,4,,1,14,,5111,0,20 21 18 19,1,6,,5154,4,,1,1,,5084,0,11 12 30 13,1,13,,5116,0,20 21 18 19,1,6,,5078,4,,1,54,,5118,0,20 21 18 19,1,6,,5175,4,,1,14,,5076,0,20 21 18 19,1,6,,5140,4,,1,1,,5082,0,11 12 30 13,1,13,,5160,0,20 21 18 19,1,6,,5164,4,,1,54,,5081,0,20 21 18 19,1,6,,5167,4,,1,14,,5091,0,20 21 18 19,1,6,,5088,4,,1,1,,5131,0,11 12 30 13,1,13,,5173,0,20 21 18 19,1,6,,5121,4,,1,54,,5099,0,20 21 18 19,1,6,,5125,4,,1,14,,5136,0,20 21 18 19,1,6,,5150,4,,1,1,,5092,0,11 12 30 13,1,13,,5071,0,20 21 18 19,1
