5001,'10',740,,5187,0,11 12 25 24,1,100,,5195,0,11 12 25 24,1,100,,5184,0,11 12 25 24,1,100,,5182,0,11 12 25 24,1,100,,5183,0,11 12 25 24,1,100,,5188,0,11 12 25 24,1,100,,5189,0,11 12 25 24,1,100,,5185,0,11 12 25 24,1,100,,5181,0,11 12 25 24,1,100,,5192,0,11 12 25 24,1,100,,5190,0,11 12 25 24,1,100,,5191,0,11 12 25 24,1,100,,5186,0,11 12 25 24,1,100,,5193,0,11 12 25 24,1,100,,5194,0,11 12 25 24,1,100,,5196,0,11 12 25 24,1
5001,'15',1840,,5210,0,11 12 25 24,1,100,,5209,0,11 12 25 24,1,100,,5199,0,11 12 25 24,1,100,,5206,0,11 12 25 24,1,100,,5207,0,11 12 25 24,1
5001,'16',1840,,5225,0,11 12 25 24,1,100,,5224,0,11 12 25 24,1,100,,1460,0,11 12 25 24,1,100,,5221,0,11 12 25 24,1,100,,5222,0,11 12 25 24,1
5001,'17',1840,,5240,0,11 12 25 24,1,100,,5239,0,11 12 25 24,1,100,,1470,0,11 12 25 24,1,100,,5236,0,11 12 25 24,1,100,,5237,0,11 12 25 24,1
5001,'19',1840,,5256,0,11 12 25 24,1,100,,5255,0,11 12 25 24,1,100,,5245,0,11 12 25 24,1,100,,5252,0,11 12 25 24,1,100,,5253,0,11 12 25 24,1
5001,'21',740,,5265,0,11 12 25 24,1,100,,5273,0,11 12 25 24,1,100,,5262,0,11 12 25 24,1,100,,5260,0,11 12 25 24,1,100,,5261,0,11 12 25 24,1,100,,5266,0,11 12 25 24,1,100,,5267,0,11 12 25 24,1,100,,5263,0,11 12 25 24,1,100,,5259,0,11 12 25 24,1,100,,5270,0,11 12 25 24,1,100,,5268,0,11 12 25 24,1,100,,5269,0,11 12 25 24,1,100,,5264,0,11 12 25 24,1,100,,5271,0,11 12 25 24,1,100,,5272,0,11 12 25 24,1,100,,5274,0,11 12 25 24,1
5001,'5',1840,,5287,0,11 12 25 24,1,100,,5286,0,11 12 25 24,1,100,,1480,0,11 12 25 24,1,100,,5283,0,11 12 25 24,1,100,,5284,0,11 12 25 24,1
5001,'6',1840,,5303,0,11 12 25 24,1,100,,5302,0,11 12 25 24,1,100,,5292,0,11 12 25 24,1,100,,5299,0,11 12 25 24,1,100,,5300,0,11 12 25 24,1
5501,'10',712,,5309,0,11 12 5 13,1,100,,5314,0,11 12 5 13,1,100,,5318,0,11 12 5 13,1,100,,5310,0,11 12 5 13,1,100,,5307,0,11 12 5 13,1,100,,5312,0,11 12 5 13,1,100,,5321,0,11 12 5 13,1,100,,5306,0,11 12 5 13,1,100,,5316,0,11 12 5 13,1,100,,5317,0,11 12 5 13,1,100,,5319,0,11 12 5 13,1,100,,5315,0,11 12 5 13,1,100,,5313,0,11 12 5 13,1,100,,5311,0,11 12 5 13,1,100,,5320,0,11 12 5 13,1,100,,5308,0,11 12 5 13,1
5501,'15',1812,,5334,0,11 12 5 13,1,100,,5328,0,11 12 5 13,1,100,,5326,0,11 12 5 13,1,100,,5333,0,11 12 5 13,1,100,,5335,0,11 12 5 13,1
5501,'16',1812,,5350,0,11 12 5 13,1,100,,5344,0,11 12 5 13,1,100,,5342,0,11 12 5 13,1,100,,5349,0,11 12 5 13,1,100,,5351,0,11 12 5 13,1
5501,'17',1812,,5366,0,11 12 5 13,1,100,,5360,0,11 12 5 13,1,100,,5358,0,11 12 5 13,1,100,,5365,0,11 12 5 13,1,100,,5367,0,11 12 5 13,1
5501,'19',1812,,5382,0,11 12 5 13,1,100,,5376,0,11 12 5 13,1,100,,5374,0,11 12 5 13,1,100,,5381,0,11 12 5 13,1,100,,5383,0,11 12 5 13,1
5501,'21',712,,5389,0,11 12 5 13,1,100,,5394,0,11 12 5 13,1,100,,5398,0,11 12 5 13,1,100,,5390,0,11 12 5 13,1,100,,5387,0,11 12 5 13,1,100,,5392,0,11 12 5 13,1,100,,5401,0,11 12 5 13,1,100,,5386,0,11 12 5 13,1,100,,5396,0,11 12 5 13,1,100,,5397,0,11 12 5 13,1,100,,5399,0,11 12 5 13,1,100,,5395,0,11 12 5 13,1,100,,5393,0,11 12 5 13,1,100,,5391,0,11 12 5 13,1,100,,5400,0,11 12 5 13,1,100,,5388,0,11 12 5 13,1
5501,'5',1812,,5414,0,11 12 5 13,1,100,,5408,0,11 12 5 13,1,100,,5406,0,11 12 5 13,1,100,,5413,0,11 12 5 13,1,100,,5415,0,11 12 5 13,1
5501,'6',1812,,5430,0,11 12 5 13,1,100,,5424,0,11 12 5 13,1,100,,5422,0,11 12 5 13,1,100,,5429,0,11 12 5 13,1,100,,5431,0,11 12 5 13,1
7001,'10',709,,6133,0,11 12 7,1,100,,6130,0,11 12 7,1,100,,6134,0,11 12 7,1,100,,6136,0,11 12 7,1,100,,6121,0,11 12 7,1,100,,6128,0,11 12 7,1,100,,6132,0,11 12 7,1,100,,6131,0,11 12 7,1,100,,6125,0,11 12 7,1,100,,6124,0,11 12 7,1,100,,6122,0,11 12 7,1,100,,6135,0,11 12 7,1,100,,6126,0,11 12 7,1,100,,6127,0,11 12 7,1,100,,6129,0,11 12 7,1,100,,6123,0,11 12 7,1
7001,'15',1809,,6146,0,11 12 7,1,30,,6164,0,11 12 7,1,70,,6151,0,11 12 7,1,30,,6168,0,11 12 7,1,70,,6167,0,11 12 7,1,30,,6143,0,11 12 7,1,70,,6153,0,11 12 7,1,30,,6163,0,11 12 7,1,70,,6141,0,11 12 7,1,30,,6157,0,11 12 7,1
7001,'16',1809,,6178,0,11 12 7,1,30,,6196,0,11 12 7,1,70,,6183,0,11 12 7,1,30,,6200,0,11 12 7,1,70,,6199,0,11 12 7,1,30,,6175,0,11 12 7,1,70,,6185,0,11 12 7,1,30,,6195,0,11 12 7,1,70,,6173,0,11 12 7,1,30,,6189,0,11 12 7,1
7001,'17',1809,,6211,0,11 12 7,1,30,,6227,0,11 12 7,1,70,,6216,0,11 12 7,1,30,,6232,0,11 12 7,1,70,,6230,0,11 12 7,1,30,,6209,0,11 12 7,1,70,,6218,0,11 12 7,1,30,,6226,0,11 12 7,1,70,,6206,0,11 12 7,1,30,,6221,0,11 12 7,1
7001,'19',1809,,6243,0,11 12 7,1,30,,6260,0,11 12 7,1,70,,6249,0,11 12 7,1,30,,6264,0,11 12 7,1,70,,6263,0,11 12 7,1,30,,6240,0,11 12 7,1,70,,6251,0,11 12 7,1,30,,6259,0,11 12 7,1,70,,6237,0,11 12 7,1,30,,6254,0,11 12 7,1
7001,'21',709,,6275,0,11 12 7,1,100,,2469,0,11 12 7,1,100,,6276,0,11 12 7,1,100,,6278,0,11 12 7,1,100,,6265,0,11 12 7,1,100,,6271,0,11 12 7,1,100,,6274,0,11 12 7,1,100,,6273,0,11 12 7,1,100,,6268,0,11 12 7,1,100,,6267,0,11 12 7,1,100,,6266,0,11 12 7,1,100,,6277,0,11 12 7,1,100,,6269,0,11 12 7,1,100,,6270,0,11 12 7,1,100,,6272,0,11 12 7,1,100,,3107,0,11 12 7,1
7001,'5',1809,,6288,0,11 12 7,1,30,,6306,0,11 12 7,1,70,,6293,0,11 12 7,1,30,,6310,0,11 12 7,1,70,,6309,0,11 12 7,1,30,,6285,0,11 12 7,1,70,,6295,0,11 12 7,1,30,,6305,0,11 12 7,1,70,,6283,0,11 12 7,1,30,,6299,0,11 12 7,1
7001,'6',1809,,6321,0,11 12 7,1,30,,6338,0,11 12 7,1,70,,6327,0,11 12 7,1,30,,6342,0,11 12 7,1,70,,6341,0,11 12 7,1,30,,6318,0,11 12 7,1,70,,6329,0,11 12 7,1,30,,6337,0,11 12 7,1,70,,6315,0,11 12 7,1,30,,6332,0,11 12 7,1
7501,'10',743,,6348,0,23 24,1,100,,6356,0,23 24,1,100,,6358,0,23 24,1,100,,6346,0,23 24,1,100,,6353,0,23 24,1,100,,6351,0,23 24,1,100,,6357,0,23 24,1,100,,6349,0,23 24,1,100,,6354,0,23 24,1,100,,6350,0,23 24,1,100,,6347,0,23 24,1,100,,6343,0,23 24,1,100,,6352,0,23 24,1,100,,6344,0,23 24,1,100,,6355,0,23 24,1,100,,6345,0,23 24,1
7501,'15',1843,,6380,0,23 24,1,70,,6363,0,23 24,1,30,,6377,0,23 24,1,70,,6367,0,23 24,1,30,,6388,0,23 24,1,70,,6378,0,23 24,1,30,,6370,0,23 24,1,70,,6389,0,23 24,1,30,,6382,0,23 24,1,70,,6360,0,23 24,1
7501,'16',1843,,6412,0,23 24,1,70,,6395,0,23 24,1,30,,6409,0,23 24,1,70,,6399,0,23 24,1,30,,6419,0,23 24,1,70,,6410,0,23 24,1,30,,6402,0,23 24,1,70,,6420,0,23 24,1,30,,6413,0,23 24,1,70,,6392,0,23 24,1
7501,'17',1843,,6445,0,23 24,1,70,,6427,0,23 24,1,30,,6442,0,23 24,1,70,,6432,0,23 24,1,30,,6451,0,23 24,1,70,,6443,0,23 24,1,30,,6436,0,23 24,1,70,,6452,0,23 24,1,30,,6447,0,23 24,1,70,,6423,0,23 24,1
7501,'19',1843,,6476,0,23 24,1,70,,6459,0,23 24,1,30,,6473,0,23 24,1,70,,6464,0,23 24,1,30,,6482,0,23 24,1,70,,6474,0,23 24,1,30,,6467,0,23 24,1,70,,6483,0,23 24,1,30,,6478,0,23 24,1,70,,6455,0,23 24,1
7501,'21',743,,6490,0,23 24,1,100,,6497,0,23 24,1,100,,6499,0,23 24,1,100,,6489,0,23 24,1,100,,2549,0,23 24,1,100,,6493,0,23 24,1,100,,6498,0,23 24,1,100,,6491,0,23 24,1,100,,6495,0,23 24,1,100,,6492,0,23 24,1,100,,2300,0,23 24,1,100,,6486,0,23 24,1,100,,6494,0,23 24,1,100,,6487,0,23 24,1,100,,6496,0,23 24,1,100,,6488,0,23 24,1
7501,'5',1843,,6521,0,23 24,1,70,,6504,0,23 24,1,30,,6518,0,23 24,1,70,,6508,0,23 24,1,30,,6528,0,23 24,1,70,,6519,0,23 24,1,30,,6511,0,23 24,1,70,,6529,0,23 24,1,30,,6522,0,23 24,1,70,,6501,0,23 24,1
7501,'6',1843,,6553,0,23 24,1,70,,6536,0,23 24,1,30,,6550,0,23 24,1,70,,6541,0,23 24,1,30,,6559,0,23 24,1,70,,6551,0,23 24,1,30,,6544,0,23 24,1,70,,6560,0,23 24,1,30,,6555,0,23 24,1,70,,6532,0,23 24,1
