4001,'1',747,,7249,7,4,,1,100,,7252,7,4,,1,100,,7246,7,4,,1,100,,7244,7,4,,1,100,,7247,7,4,,1,100,,7248,7,4,,1,100,,7245,7,4,,1,100,,7251,7,4,,1,100,,7254,7,4,,1,100,,7243,7,4,,1,100,,5765,7,4,,1,100,,7250,7,4,,1,100,,7255,7,4,,1,100,,7253,7,4,,1,100,,7242,7,4,,1,100,,7241,7,4,,1
4001,'11',732,,7327,2,4,,1,15,,7257,5,4,,1,5,,7294,2,4,,1,60,,7274,2,4,,1,20,,7310,2,4,,1,15,,5866,5,4,,1,5,,7265,2,4,,1,60,,7304,2,4,,1,20,,7336,2,4,,1,15,,7328,5,4,,1,5,,7264,2,4,,1,60,,7313,2,4,,1,20,,7326,2,4,,1,15,,7314,5,4,,1,5,,7263,2,4,,1,60,,7317,2,4,,1,20,,7285,2,4,,1,15,,7292,5,4,,1,5,,7332,2,4,,1,60,,7297,2,4,,1,20,,7282,2,4,,1,15,,7270,5,4,,1,5,,7300,2,4,,1,60,,7280,2,4,,1,20,,7258,2,4,,1,15,,7320,5,4,,1,5,,7296,2,4,,1,61,,7286,2,4,,1,20,,7306,2,4,,1,14,,7322,5,4,,1,6,,7321,2,4,,1,60,,7311,2,4,,1,20,,7262,2,4,,1,14,,7266,5,4,,1,6,,7267,2,4,,1,60,,7295,2,4,,1,20,,7329,2,4,,1,14,,7309,5,4,,1,6,,7307,2,4,,1,60,,7319,2,4,,1,20,,7308,2,4,,1,14,,7316,5,4,,1,6,,7291,2,4,,1,60,,7260,2,4,,1,20,,7335,2,4,,1,14,,6195,7,4,,1,100,,7279,7,4,,1,100,,7281,7,4,,1,100,,7312,7,4,,1,100,,7289,7,4,,1
4001,'14',747,,7346,7,4,,1,100,,7349,7,4,,1,100,,7343,7,4,,1,100,,7340,7,4,,1,100,,7344,7,4,,1,100,,7345,7,4,,1,100,,7341,7,4,,1,100,,7348,7,4,,1,100,,7351,7,4,,1,100,,7339,7,4,,1,100,,7342,7,4,,1,100,,7347,7,4,,1,100,,7352,7,4,,1,100,,7350,7,4,,1,100,,7338,7,4,,1,100,,7337,7,4,,1
4001,'3',732,,7424,2,4,,1,15,,7354,5,4,,1,5,,7391,2,4,,1,60,,7371,2,4,,1,20,,7407,2,4,,1,15,,5962,5,4,,1,5,,7362,2,4,,1,60,,7401,2,4,,1,20,,7433,2,4,,1,15,,7425,5,4,,1,5,,7361,2,4,,1,60,,7410,2,4,,1,20,,7423,2,4,,1,15,,7411,5,4,,1,5,,7360,2,4,,1,60,,7414,2,4,,1,20,,7382,2,4,,1,15,,7389,5,4,,1,5,,7429,2,4,,1,60,,7394,2,4,,1,20,,7379,2,4,,1,15,,7367,5,4,,1,5,,7397,2,4,,1,60,,7377,2,4,,1,20,,7355,2,4,,1,15,,7417,5,4,,1,5,,7393,2,4,,1,61,,7383,2,4,,1,20,,7403,2,4,,1,14,,7419,5,4,,1,6,,7418,2,4,,1,60,,7408,2,4,,1,20,,7359,2,4,,1,14,,7363,5,4,,1,6,,7364,2,4,,1,60,,7392,2,4,,1,20,,7426,2,4,,1,14,,7406,5,4,,1,6,,7404,2,4,,1,60,,7416,2,4,,1,20,,7405,2,4,,1,14,,7413,5,4,,1,6,,7388,2,4,,1,60,,7357,2,4,,1,20,,7432,2,4,,1,14,,6289,7,4,,1,100,,7376,7,4,,1,100,,7378,7,4,,1,100,,7409,7,4,,1,100,,7386,7,4,,1
4501,'1',705,,7436,1,0,20 21 30 12,1,100,,7446,1,0,20 21 30 12,1,100,,7444,1,0,20 21 30 12,1,100,,7439,1,0,20 21 30 12,1,100,,7438,1,0,20 21 30 12,1,100,,7442,1,0,20 21 30 12,1,100,,7435,1,0,20 21 30 12,1,100,,7447,1,0,20 21 30 12,1,100,,7443,1,0,20 21 30 12,1,100,,7437,1,0,20 21 30 12,1,100,,7449,1,0,20 21 30 12,1,100,,7448,1,0,20 21 30 12,1,100,,7434,1,0,20 21 30 12,1,100,,7441,1,0,20 21 30 12,1,100,,7445,1,0,20 21 30 12,1,100,,7440,1,0,20 21 30 12,1
4501,'11',700,,7484,1,0,6,1,5,,7520,1,0,11 2 5 12,1,15,,7514,1,0,6,1,20,,7468,1,0,6,1,60,,7521,1,0,6,1,5,,7473,1,0,11 2 5 12,1,15,,5915,1,0,6,1,20,,7486,1,0,6,1,60,,7454,1,0,6,1,5,,7502,1,0,11 2 5 12,1,15,,7512,1,0,6,1,20,,7526,1,0,6,1,60,,7464,1,0,6,1,5,,7507,1,0,11 2 5 12,1,15,,7469,1,0,6,1,20,,7498,1,0,6,1,60,,7492,1,0,6,1,5,,7517,1,0,11 2 5 12,1,15,,6197,1,0,6,1,20,,7528,1,0,6,1,60,,7518,1,0,6,1,5,,7461,1,0,11 2 5 12,1,15,,7482,1,0,6,1,20,,7455,1,0,6,1,60,,7529,1,0,6,1,5,,6516,1,0,11 2 5 12,1,15,,7467,1,0,6,1,20,,7479,1,0,6,1,60,,7501,1,0,6,1,5,,7458,1,0,11 2 5 12,1,15,,7508,1,0,6,1,20,,7480,1,0,6,1,60,,7491,1,0,6,1,5,,7463,1,0,11 2 5 12,1,15,,7522,1,0,6,1,20,,7488,1,0,6,1,60,,7487,1,0,6,1,5,,7511,1,0,11 2 5 12,1,15,,7476,1,0,6,1,20,,7457,1,0,6,1,60,,7466,1,0,6,1,5,,7451,1,0,11 2 5 12,1,15,,7527,1,0,6,1,20,,7494,1,0,6,1,60,,7506,1,0,6,1,5,,7524,1,0,20 21 30 12,1,100,,7523,1,0,20 21 30 12,1,100,,7475,1,0,20 21 30 12,1,100,,7497,1,0,20 21 30 12,1,100,,7477,1,0,20 21 30 12,1
4501,'14',705,,7533,1,0,20 21 30 12,1,100,,5500,1,0,20 21 30 12,1,100,,7541,1,0,20 21 30 12,1,100,,7536,1,0,20 21 30 12,1,100,,7535,1,0,20 21 30 12,1,100,,7539,1,0,20 21 30 12,1,100,,7532,1,0,20 21 30 12,1,100,,7543,1,0,20 21 30 12,1,100,,7540,1,0,20 21 30 12,1,100,,7534,1,0,20 21 30 12,1,100,,7545,1,0,20 21 30 12,1,100,,7544,1,0,20 21 30 12,1,100,,7531,1,0,20 21 30 12,1,100,,7538,1,0,20 21 30 12,1,100,,7542,1,0,20 21 30 12,1,100,,7537,1,0,20 21 30 12,1
4501,'3',700,,7580,1,0,6,1,5,,7616,1,0,11 2 5 12,1,15,,7610,1,0,6,1,20,,7564,1,0,6,1,60,,7617,1,0,6,1,5,,7569,1,0,11 2 5 12,1,15,,6012,1,0,6,1,20,,7582,1,0,6,1,60,,7550,1,0,6,1,5,,7598,1,0,11 2 5 12,1,15,,7608,1,0,6,1,20,,7622,1,0,6,1,60,,7560,1,0,6,1,5,,7603,1,0,11 2 5 12,1,15,,7565,1,0,6,1,20,,7594,1,0,6,1,60,,7588,1,0,6,1,5,,7613,1,0,11 2 5 12,1,15,,6291,1,0,6,1,20,,7624,1,0,6,1,60,,7614,1,0,6,1,5,,7557,1,0,11 2 5 12,1,15,,7578,1,0,6,1,20,,7551,1,0,6,1,60,,7625,1,0,6,1,5,,6582,1,0,11 2 5 12,1,15,,7563,1,0,6,1,20,,7575,1,0,6,1,60,,7597,1,0,6,1,5,,7554,1,0,11 2 5 12,1,15,,7604,1,0,6,1,20,,7576,1,0,6,1,60,,7587,1,0,6,1,5,,7559,1,0,11 2 5 12,1,15,,7618,1,0,6,1,20,,7584,1,0,6,1,60,,7583,1,0,6,1,5,,7607,1,0,11 2 5 12,1,15,,7572,1,0,6,1,20,,7553,1,0,6,1,60,,7562,1,0,6,1,5,,7547,1,0,11 2 5 12,1,15,,7623,1,0,6,1,20,,7590,1,0,6,1,60,,7602,1,0,6,1,5,,7620,1,0,20 21 30 12,1,100,,7619,1,0,20 21 30 12,1,100,,7571,1,0,20 21 30 12,1,100,,7593,1,0,20 21 30 12,1,100,,7573,1,0,20 21 30 12,1
5001,'1',748,,7632,13,4,,1,100,,7629,13,4,,1,100,,7640,13,4,,1,100,,7635,13,4,,1,100,,7636,13,4,,1,100,,5806,13,4,,1,100,,7637,13,4,,1,100,,7633,13,4,,1,100,,7630,13,4,,1,100,,7639,13,4,,1,100,,7631,13,4,,1,100,,7628,13,4,,1,100,,7634,13,4,,1,100,,7641,13,4,,1,100,,7638,13,4,,1,100,,7627,13,4,,1
5001,'11',748,,7645,11,4,,1,100,,7642,11,4,,1,100,,7646,11,4,,1,100,,7647,11,4,,1,100,,7650,11,4,,1,100,,7648,11,4,,1,100,,7643,11,4,,1,100,,7649,11,4,,1,100,,7654,11,4,,1,100,,7652,11,4,,1,100,,7656,11,4,,1,100,,7655,13,4,,1,100,,7644,13,4,,1,100,,7651,13,4,,1,100,,6914,13,4,,1,100,,7653,13,4,,1
5001,'14',748,,7662,13,4,,1,100,,7659,13,4,,1,100,,7671,13,4,,1,100,,7666,13,4,,1,100,,7667,13,4,,1,100,,7664,13,4,,1,100,,7668,13,4,,1,100,,7663,13,4,,1,100,,7660,13,4,,1,100,,7670,13,4,,1,100,,7661,13,4,,1,100,,7658,13,4,,1,100,,7665,13,4,,1,100,,7672,13,4,,1,100,,7669,13,4,,1,100,,7657,13,4,,1
5001,'3',748,,7676,11,4,,1,100,,7673,11,4,,1,100,,7677,11,4,,1,100,,7678,11,4,,1,100,,7681,11,4,,1,100,,7679,11,4,,1,100,,7674,11,4,,1,100,,7680,11,4,,1,100,,7685,11,4,,1,100,,7683,11,4,,1,100,,7687,11,4,,1,100,,7686,13,4,,1,100,,7675,13,4,,1,100,,7682,13,4,,1,100,,6962,13,4,,1,100,,7684,13,4,,1
5501,'1',705,,7702,1,0,20 21 5 12,1,100,,7694,1,0,20 21 5 12,1,100,,7689,1,0,20 21 5 12,1,100,,7695,1,0,20 21 5 12,1,100,,7699,1,0,20 21 5 12,1,100,,7692,1,0,20 21 5 12,1,100,,7691,1,0,20 21 5 12,1,100,,7700,1,0,20 21 5 12,1,100,,7697,1,0,20 21 5 12,1,100,,7698,1,0,20 21 5 12,1,100,,7701,1,0,20 21 5 12,1,100,,7696,1,0,20 21 5 12,1,100,,7690,1,0,20 21 5 12,1,100,,7693,1,0,20 21 5 12,1,100,,7688,1,0,20 21 5 12,1,100,,7703,1,0,20 21 5 12,1
5501,'11',705,,7716,1,0,11 2 5 12,1,100,,7714,1,0,11 2 5 12,1,100,,7707,1,0,11 2 5 12,1,100,,7704,1,0,11 2 5 12,1,100,,7711,1,0,11 2 5 12,1,100,,7709,1,0,11 2 5 12,1,100,,7715,1,0,11 2 5 12,1,100,,7708,1,0,11 2 5 12,1,100,,7705,1,0,11 2 5 12,1,100,,7712,1,0,11 2 5 12,1,100,,7706,1,0,11 2 5 12,1,100,,7717,1,0,20 21 5 12,1,100,,7710,1,0,20 21 5 12,1,100,,7713,1,0,20 21 5 12,1,100,,7719,1,0,20 21 5 12,1,100,,7718,1,0,20 21 5 12,1
5501,'14',705,,7733,1,0,20 21 5 12,1,100,,7726,1,0,20 21 5 12,1,100,,7721,1,0,20 21 5 12,1,100,,7727,1,0,20 21 5 12,1,100,,7730,1,0,20 21 5 12,1,100,,7724,1,0,20 21 5 12,1,100,,7723,1,0,20 21 5 12,1,100,,7731,1,0,20 21 5 12,1,100,,7728,1,0,20 21 5 12,1,100,,7729,1,0,20 21 5 12,1,100,,7732,1,0,20 21 5 12,1,100,,6217,1,0,20 21 5 12,1,100,,7722,1,0,20 21 5 12,1,100,,7725,1,0,20 21 5 12,1,100,,7720,1,0,20 21 5 12,1,100,,7734,1,0,20 21 5 12,1
5501,'3',705,,7747,1,0,11 2 5 12,1,100,,7745,1,0,11 2 5 12,1,100,,7738,1,0,11 2 5 12,1,100,,7735,1,0,11 2 5 12,1,100,,7742,1,0,11 2 5 12,1,100,,7740,1,0,11 2 5 12,1,100,,7746,1,0,11 2 5 12,1,100,,7739,1,0,11 2 5 12,1,100,,7736,1,0,11 2 5 12,1,100,,7743,1,0,11 2 5 12,1,100,,7737,1,0,11 2 5 12,1,100,,7748,1,0,20 21 5 12,1,100,,7741,1,0,20 21 5 12,1,100,,7744,1,0,20 21 5 12,1,100,,7750,1,0,20 21 5 12,1,100,,7749,1,0,20 21 5 12,1
7001,'1',703,,8032,1,0,20 21 7,1,100,,8019,1,0,20 21 7,1,100,,8020,1,0,20 21 7,1,100,,8029,1,0,20 21 7,1,100,,8028,1,0,20 21 7,1,100,,8033,1,0,20 21 7,1,100,,8027,1,0,20 21 7,1,100,,8030,1,0,20 21 7,1,100,,8022,1,0,20 21 7,1,100,,8023,1,0,20 21 7,1,100,,8026,1,0,20 21 7,1,100,,8021,1,0,20 21 7,1,100,,6887,1,0,20 21 7,1,100,,8025,1,0,20 21 7,1,100,,8031,1,0,20 21 7,1,100,,8024,1,0,20 21 7,1
7001,'11',703,,8061,1,0,11 2 7,1,30,,8065,1,0,11 2 7,1,70,,8060,1,0,11 2 7,1,30,,8058,1,0,11 2 7,1,70,,8037,1,0,11 2 7,1,30,,8064,1,0,11 2 7,1,70,,8059,1,0,11 2 7,1,30,,8053,1,0,11 2 7,1,70,,8054,1,0,11 2 7,1,30,,8039,1,0,11 2 7,1,70,,8051,1,0,11 2 7,1,30,,8045,1,0,11 2 7,1,70,,8062,1,0,11 2 7,1,30,,8035,1,0,11 2 7,1,70,,8047,1,0,11 2 7,1,30,,8036,1,0,11 2 7,1,70,,8042,1,0,11 2 7,1,30,,8043,1,0,11 2 7,1,70,,8048,1,0,11 2 7,1,30,,8044,1,0,11 2 7,1,70,,8050,1,0,11 2 7,1,30,,8041,1,0,11 2 7,1,70,,8057,1,0,20 21 7,1,30,,8052,1,0,20 21 7,1,70,,8055,1,0,20 21 7,1,30,,8038,1,0,20 21 7,1,70,,8046,1,0,20 21 7,1,30,,8034,1,0,20 21 7,1,70,,8056,1,0,20 21 7,1,30,,8063,1,0,20 21 7,1,70,,8040,1,0,20 21 7,1,30,,8049,1,0,20 21 7,1
7001,'14',703,,8080,1,0,20 21 7,1,100,,8066,1,0,20 21 7,1,100,,8067,1,0,20 21 7,1,100,,8077,1,0,20 21 7,1,100,,8075,1,0,20 21 7,1,100,,8081,1,0,20 21 7,1,100,,8074,1,0,20 21 7,1,100,,8078,1,0,20 21 7,1,100,,8069,1,0,20 21 7,1,100,,8070,1,0,20 21 7,1,100,,8073,1,0,20 21 7,1,100,,8068,1,0,20 21 7,1,100,,8076,1,0,20 21 7,1,100,,8072,1,0,20 21 7,1,100,,8079,1,0,20 21 7,1,100,,8071,1,0,20 21 7,1
7001,'3',703,,8111,1,0,11 2 7,1,30,,8110,1,0,11 2 7,1,70,,8109,1,0,11 2 7,1,30,,8107,1,0,11 2 7,1,70,,8084,1,0,11 2 7,1,30,,8087,1,0,11 2 7,1,70,,8108,1,0,11 2 7,1,30,,8102,1,0,11 2 7,1,70,,8103,1,0,11 2 7,1,30,,8094,1,0,11 2 7,1,70,,8100,1,0,11 2 7,1,30,,8093,1,0,11 2 7,1,70,,8112,1,0,11 2 7,1,30,,8085,1,0,11 2 7,1,70,,8096,1,0,11 2 7,1,30,,8083,1,0,11 2 7,1,70,,8090,1,0,11 2 7,1,30,,8091,1,0,11 2 7,1,70,,8097,1,0,11 2 7,1,30,,8092,1,0,11 2 7,1,70,,8099,1,0,11 2 7,1,30,,8089,1,0,11 2 7,1,70,,8106,1,0,20 21 7,1,30,,8101,1,0,20 21 7,1,70,,8104,1,0,20 21 7,1,30,,8086,1,0,20 21 7,1,70,,8095,1,0,20 21 7,1,30,,8082,1,0,20 21 7,1,70,,8105,1,0,20 21 7,1,30,,8113,1,0,20 21 7,1,70,,8088,1,0,20 21 7,1,30,,8098,1,0,20 21 7,1
7501,'1',751,,8124,11,4,,1,100,,8121,11,4,,1,100,,8127,11,4,,1,100,,8125,11,4,,1,100,,8114,11,4,,1,100,,8128,11,4,,1,100,,8119,11,4,,1,100,,8117,11,4,,1,100,,8118,11,4,,1,100,,8122,11,4,,1,100,,8126,11,4,,1,100,,8116,11,4,,1,100,,8129,11,4,,1,100,,8120,11,4,,1,100,,8115,11,4,,1,100,,8123,11,4,,1
7501,'11',749,,8159,9,4,,1,70,,5909,9,4,,1,30,,8155,9,4,,1,70,,8142,9,4,,1,30,,8133,9,4,,1,70,,8138,9,4,,1,30,,8148,9,4,,1,70,,8158,9,4,,1,30,,8154,9,4,,1,70,,8135,9,4,,1,30,,8134,9,4,,1,70,,8151,9,4,,1,30,,8152,9,4,,1,70,,8149,9,4,,1,30,,8153,9,4,,1,70,,8130,9,4,,1,30,,8147,9,4,,1,70,,8131,9,4,,1,30,,8157,9,4,,1,70,,8156,9,4,,1,30,,8150,9,4,,1,70,,8139,9,4,,1,32,,8160,11,4,,1,70,,8146,11,4,,1,30,,8140,11,4,,1,70,,8143,11,4,,1,30,,8145,11,4,,1,70,,8144,11,4,,1,30,,8141,11,4,,1,70,,8137,11,4,,1,30,,8132,11,4,,1,70,,8136,11,4,,1
7501,'14',751,,8171,11,4,,1,100,,8168,11,4,,1,100,,8174,11,4,,1,100,,8172,11,4,,1,100,,8161,11,4,,1,100,,8175,11,4,,1,100,,8166,11,4,,1,100,,8164,11,4,,1,100,,8165,11,4,,1,100,,8169,11,4,,1,100,,8173,11,4,,1,100,,8163,11,4,,1,100,,8176,11,4,,1,100,,8167,11,4,,1,100,,8162,11,4,,1,100,,8170,11,4,,1
7501,'3',749,,8206,9,4,,1,70,,6005,9,4,,1,30,,8203,9,4,,1,70,,8179,9,4,,1,30,,8181,9,4,,1,70,,8186,9,4,,1,30,,8197,9,4,,1,70,,8191,9,4,,1,30,,8202,9,4,,1,70,,8183,9,4,,1,30,,8182,9,4,,1,70,,8180,9,4,,1,30,,8200,9,4,,1,70,,8198,9,4,,1,30,,8201,9,4,,1,70,,8188,9,4,,1,30,,8196,9,4,,1,70,,8177,9,4,,1,30,,8205,9,4,,1,70,,8204,9,4,,1,30,,8199,9,4,,1,70,,8187,9,4,,1,32,,8207,11,4,,1,70,,8195,11,4,,1,30,,8189,11,4,,1,70,,8192,11,4,,1,30,,8194,11,4,,1,70,,8193,11,4,,1,30,,8190,11,4,,1,70,,8185,11,4,,1,30,,8178,11,4,,1,70,,8184,11,4,,1
