5001,'1',733,,7632,8,0,20 21 23 24,1,100,,7629,8,0,20 21 23 24,1,100,,7640,8,0,20 21 23 24,1,100,,7635,8,0,20 21 23 24,1,100,,7636,8,0,20 21 23 24,1,100,,5806,8,0,20 21 23 24,1,100,,7637,8,0,20 21 23 24,1,100,,7633,8,0,20 21 23 24,1,100,,7630,8,0,20 21 23 24,1,100,,7639,8,0,20 21 23 24,1,100,,7631,8,0,20 21 23 24,1,100,,7628,8,0,20 21 23 24,1,100,,7634,8,0,20 21 23 24,1,100,,7641,8,0,20 21 23 24,1,100,,7638,8,0,20 21 23 24,1,100,,7627,8,0,20 21 23 24,1
5001,'11',733,,7645,8,0,11 2 23 24,1,100,,7642,8,0,11 2 23 24,1,100,,7646,8,0,11 2 23 24,1,100,,7647,8,0,11 2 23 24,1,100,,7650,8,0,11 2 23 24,1,100,,7648,8,0,11 2 23 24,1,100,,7643,8,0,11 2 23 24,1,100,,7649,8,0,11 2 23 24,1,100,,7654,8,0,11 2 23 24,1,100,,7652,8,0,11 2 23 24,1,100,,7656,8,0,11 2 23 24,1,100,,7655,8,0,20 21 23 24,1,100,,7644,8,0,20 21 23 24,1,100,,7651,8,0,20 21 23 24,1,100,,6914,8,0,20 21 23 24,1,100,,7653,8,0,20 21 23 24,1
5001,'14',733,,7662,8,0,20 21 23 24,1,100,,7659,8,0,20 21 23 24,1,100,,7671,8,0,20 21 23 24,1,100,,7666,8,0,20 21 23 24,1,100,,7667,8,0,20 21 23 24,1,100,,7664,8,0,20 21 23 24,1,100,,7668,8,0,20 21 23 24,1,100,,7663,8,0,20 21 23 24,1,100,,7660,8,0,20 21 23 24,1,100,,7670,8,0,20 21 23 24,1,100,,7661,8,0,20 21 23 24,1,100,,7658,8,0,20 21 23 24,1,100,,7665,8,0,20 21 23 24,1,100,,7672,8,0,20 21 23 24,1,100,,7669,8,0,20 21 23 24,1,100,,7657,8,0,20 21 23 24,1
5001,'3',733,,7676,8,0,11 2 23 24,1,100,,7673,8,0,11 2 23 24,1,100,,7677,8,0,11 2 23 24,1,100,,7678,8,0,11 2 23 24,1,100,,7681,8,0,11 2 23 24,1,100,,7679,8,0,11 2 23 24,1,100,,7674,8,0,11 2 23 24,1,100,,7680,8,0,11 2 23 24,1,100,,7685,8,0,11 2 23 24,1,100,,7683,8,0,11 2 23 24,1,100,,7687,8,0,11 2 23 24,1,100,,7686,8,0,20 21 23 24,1,100,,7675,8,0,20 21 23 24,1,100,,7682,8,0,20 21 23 24,1,100,,6962,8,0,20 21 23 24,1,100,,7684,8,0,20 21 23 24,1
5501,'1',720,,7702,4,0,20 21 5 12,1,100,,7694,4,0,20 21 5 12,1,100,,7689,4,0,20 21 5 12,1,100,,7695,4,0,20 21 5 12,1,100,,7699,4,0,20 21 5 12,1,100,,7692,4,0,20 21 5 12,1,100,,7691,4,0,20 21 5 12,1,100,,7700,4,0,20 21 5 12,1,100,,7697,4,0,20 21 5 12,1,100,,7698,4,0,20 21 5 12,1,100,,7701,4,0,20 21 5 12,1,100,,7696,4,0,20 21 5 12,1,100,,7690,4,0,20 21 5 12,1,100,,7693,4,0,20 21 5 12,1,100,,7688,4,0,20 21 5 12,1,100,,7703,4,0,20 21 5 12,1
5501,'11',717,,7716,3,0,11 2 5 12,1,100,,7714,3,0,11 2 5 12,1,100,,7707,3,0,11 2 5 12,1,100,,7704,3,0,11 2 5 12,1,100,,7711,3,0,11 2 5 12,1,100,,7709,3,0,11 2 5 12,1,100,,7715,3,0,11 2 5 12,1,100,,7708,3,0,11 2 5 12,1,100,,7705,3,0,11 2 5 12,1,100,,7712,3,0,11 2 5 12,1,100,,7706,3,0,11 2 5 12,1,103,,7717,4,0,20 21 5 12,1,100,,7710,4,0,20 21 5 12,1,100,,7713,4,0,20 21 5 12,1,100,,7719,4,0,20 21 5 12,1,100,,7718,4,0,20 21 5 12,1
5501,'14',720,,7733,4,0,20 21 5 12,1,100,,7726,4,0,20 21 5 12,1,100,,7721,4,0,20 21 5 12,1,100,,7727,4,0,20 21 5 12,1,100,,7730,4,0,20 21 5 12,1,100,,7724,4,0,20 21 5 12,1,100,,7723,4,0,20 21 5 12,1,100,,7731,4,0,20 21 5 12,1,100,,7728,4,0,20 21 5 12,1,100,,7729,4,0,20 21 5 12,1,100,,7732,4,0,20 21 5 12,1,100,,6217,4,0,20 21 5 12,1,100,,7722,4,0,20 21 5 12,1,100,,7725,4,0,20 21 5 12,1,100,,7720,4,0,20 21 5 12,1,100,,7734,4,0,20 21 5 12,1
5501,'3',717,,7747,3,0,11 2 5 12,1,100,,7745,3,0,11 2 5 12,1,100,,7738,3,0,11 2 5 12,1,100,,7735,3,0,11 2 5 12,1,100,,7742,3,0,11 2 5 12,1,100,,7740,3,0,11 2 5 12,1,100,,7746,3,0,11 2 5 12,1,100,,7739,3,0,11 2 5 12,1,100,,7736,3,0,11 2 5 12,1,100,,7743,3,0,11 2 5 12,1,100,,7737,3,0,11 2 5 12,1,103,,7748,4,0,20 21 5 12,1,100,,7741,4,0,20 21 5 12,1,100,,7744,4,0,20 21 5 12,1,100,,7750,4,0,20 21 5 12,1,100,,7749,4,0,20 21 5 12,1
7001,'1',717,,8032,4,0,22 2 6 2 7,1,100,,8019,4,0,22 2 6 2 7,1,100,,8020,4,0,22 2 6 2 7,1,100,,8029,4,0,22 2 6 2 7,1,100,,8028,4,0,22 2 6 2 7,1,100,,8033,4,0,22 2 6 2 7,1,100,,8027,4,0,22 2 6 2 7,1,100,,8030,4,0,22 2 6 2 7,1,100,,8022,4,0,22 2 6 2 7,1,100,,8023,4,0,22 2 6 2 7,1,100,,8026,4,0,22 2 6 2 7,1,100,,8021,4,0,22 2 6 2 7,1,100,,6887,4,0,22 2 6 2 7,1,100,,8025,4,0,22 2 6 2 7,1,100,,8031,4,0,22 2 6 2 7,1,100,,8024,4,0,22 2 6 2 7,1
7001,'11',717,,8061,3,0,11 2 7,1,30,,8065,3,0,11 2 7,1,70,,8060,3,0,11 2 7,1,30,,8058,3,0,11 2 7,1,70,,8037,3,0,11 2 7,1,30,,8064,3,0,11 2 7,1,70,,8059,3,0,11 2 7,1,30,,8053,3,0,11 2 7,1,70,,8054,3,0,11 2 7,1,30,,8039,3,0,11 2 7,1,70,,8051,3,0,11 2 7,1,30,,8045,3,0,11 2 7,1,70,,8062,3,0,11 2 7,1,30,,8035,3,0,11 2 7,1,70,,8047,3,0,11 2 7,1,30,,8036,3,0,11 2 7,1,70,,8042,3,0,11 2 7,1,30,,8043,3,0,11 2 7,1,70,,8048,3,0,11 2 7,1,30,,8044,3,0,11 2 7,1,70,,8050,3,0,11 2 7,1,30,,8041,3,0,11 2 7,1,70,,8057,4,0,22 2 6 2 7,1,30,,8052,4,0,22 2 6 2 7,1,70,,8055,4,0,22 2 6 2 7,1,30,,8038,4,0,22 2 6 2 7,1,70,,8046,4,0,22 2 6 2 7,1,30,,8034,4,0,22 2 6 2 7,1,70,,8056,4,0,22 2 6 2 7,1,30,,8063,4,0,22 2 6 2 7,1,70,,8040,4,0,22 2 6 2 7,1,30,,8049,4,0,22 2 6 2 7,1
7001,'14',717,,8080,4,0,22 2 6 2 7,1,100,,8066,4,0,22 2 6 2 7,1,100,,8067,4,0,22 2 6 2 7,1,100,,8077,4,0,22 2 6 2 7,1,100,,8075,4,0,22 2 6 2 7,1,100,,8081,4,0,22 2 6 2 7,1,100,,8074,4,0,22 2 6 2 7,1,100,,8078,4,0,22 2 6 2 7,1,100,,8069,4,0,22 2 6 2 7,1,100,,8070,4,0,22 2 6 2 7,1,100,,8073,4,0,22 2 6 2 7,1,100,,8068,4,0,22 2 6 2 7,1,100,,8076,4,0,22 2 6 2 7,1,100,,8072,4,0,22 2 6 2 7,1,100,,8079,4,0,22 2 6 2 7,1,100,,8071,4,0,22 2 6 2 7,1
7001,'3',717,,8111,3,0,11 2 7,1,30,,8110,3,0,11 2 7,1,70,,8109,3,0,11 2 7,1,30,,8107,3,0,11 2 7,1,70,,8084,3,0,11 2 7,1,30,,8087,3,0,11 2 7,1,70,,8108,3,0,11 2 7,1,30,,8102,3,0,11 2 7,1,70,,8103,3,0,11 2 7,1,30,,8094,3,0,11 2 7,1,70,,8100,3,0,11 2 7,1,30,,8093,3,0,11 2 7,1,70,,8112,3,0,11 2 7,1,30,,8085,3,0,11 2 7,1,70,,8096,3,0,11 2 7,1,30,,8083,3,0,11 2 7,1,70,,8090,3,0,11 2 7,1,30,,8091,3,0,11 2 7,1,70,,8097,3,0,11 2 7,1,30,,8092,3,0,11 2 7,1,70,,8099,3,0,11 2 7,1,30,,8089,3,0,11 2 7,1,70,,8106,4,0,22 2 6 2 7,1,30,,8101,4,0,22 2 6 2 7,1,70,,8104,4,0,22 2 6 2 7,1,30,,8086,4,0,22 2 6 2 7,1,70,,8095,4,0,22 2 6 2 7,1,30,,8082,4,0,22 2 6 2 7,1,70,,8105,4,0,22 2 6 2 7,1,30,,8113,4,0,22 2 6 2 7,1,70,,8088,4,0,22 2 6 2 7,1,30,,8098,4,0,22 2 6 2 7,1
7501,'1',734,,8124,6,0,25 24,1,100,,8121,6,0,25 24,1,100,,8127,6,0,25 24,1,100,,8125,6,0,25 24,1,100,,8114,6,0,25 24,1,100,,8128,6,0,25 24,1,100,,8119,6,0,25 24,1,100,,8117,6,0,25 24,1,100,,8118,6,0,25 24,1,100,,8122,6,0,25 24,1,100,,8126,6,0,25 24,1,100,,8116,6,0,25 24,1,100,,8129,6,0,25 24,1,100,,8120,6,0,25 24,1,100,,8115,6,0,25 24,1,100,,8123,6,0,25 24,1
7501,'11',734,,8159,5,0,11 2 23 24,1,70,,5909,5,0,11 2 23 24,1,30,,8155,5,0,11 2 23 24,1,70,,8142,5,0,11 2 23 24,1,30,,8133,5,0,11 2 23 24,1,70,,8138,5,0,11 2 23 24,1,30,,8148,5,0,11 2 23 24,1,70,,8158,5,0,11 2 23 24,1,30,,8154,5,0,11 2 23 24,1,70,,8135,5,0,11 2 23 24,1,30,,8134,5,0,11 2 23 24,1,70,,8151,5,0,11 2 23 24,1,30,,8152,5,0,11 2 23 24,1,70,,8149,5,0,11 2 23 24,1,30,,8153,5,0,11 2 23 24,1,70,,8130,5,0,11 2 23 24,1,30,,8147,5,0,11 2 23 24,1,70,,8131,5,0,11 2 23 24,1,30,,8157,5,0,11 2 23 24,1,70,,8156,5,0,11 2 23 24,1,30,,8150,5,0,11 2 23 24,1,70,,8139,5,0,11 2 23 24,1,30,,8160,6,0,25 24,1,70,,8146,6,0,25 24,1,30,,8140,6,0,25 24,1,70,,8143,6,0,25 24,1,30,,8145,6,0,25 24,1,70,,8144,6,0,25 24,1,30,,8141,6,0,25 24,1,70,,8137,6,0,25 24,1,30,,8132,6,0,25 24,1,70,,8136,6,0,25 24,1
7501,'14',734,,8171,6,0,25 24,1,100,,8168,6,0,25 24,1,100,,8174,6,0,25 24,1,100,,8172,6,0,25 24,1,100,,8161,6,0,25 24,1,100,,8175,6,0,25 24,1,100,,8166,6,0,25 24,1,100,,8164,6,0,25 24,1,100,,8165,6,0,25 24,1,100,,8169,6,0,25 24,1,100,,8173,6,0,25 24,1,100,,8163,6,0,25 24,1,100,,8176,6,0,25 24,1,100,,8167,6,0,25 24,1,100,,8162,6,0,25 24,1,100,,8170,6,0,25 24,1
7501,'3',734,,8206,5,0,11 2 23 24,1,70,,6005,5,0,11 2 23 24,1,30,,8203,5,0,11 2 23 24,1,70,,8179,5,0,11 2 23 24,1,30,,8181,5,0,11 2 23 24,1,70,,8186,5,0,11 2 23 24,1,30,,8197,5,0,11 2 23 24,1,70,,8191,5,0,11 2 23 24,1,30,,8202,5,0,11 2 23 24,1,70,,8183,5,0,11 2 23 24,1,30,,8182,5,0,11 2 23 24,1,70,,8180,5,0,11 2 23 24,1,30,,8200,5,0,11 2 23 24,1,70,,8198,5,0,11 2 23 24,1,30,,8201,5,0,11 2 23 24,1,70,,8188,5,0,11 2 23 24,1,30,,8196,5,0,11 2 23 24,1,70,,8177,5,0,11 2 23 24,1,30,,8205,5,0,11 2 23 24,1,70,,8204,5,0,11 2 23 24,1,30,,8199,5,0,11 2 23 24,1,70,,8187,5,0,11 2 23 24,1,30,,8207,6,0,25 24,1,70,,8195,6,0,25 24,1,30,,8189,6,0,25 24,1,70,,8192,6,0,25 24,1,30,,8194,6,0,25 24,1,70,,8193,6,0,25 24,1,30,,8190,6,0,25 24,1,70,,8185,6,0,25 24,1,30,,8178,6,0,25 24,1,70,,8184,6,0,25 24,1
