7001,'10',741,,5025,9,0,2 22 7,1,100,,5022,9,0,2 22 7,1,100,,5026,9,0,2 22 7,1,100,,5028,9,0,2 22 7,1,100,,5013,9,0,2 22 7,1,100,,5020,9,0,2 22 7,1,100,,5024,9,0,2 22 7,1,100,,5023,9,0,2 22 7,1,100,,5017,9,0,2 22 7,1,100,,5016,9,0,2 22 7,1,100,,5014,9,0,2 22 7,1,100,,5027,9,0,2 22 7,1,100,,5018,9,0,2 22 7,1,100,,5019,9,0,2 22 7,1,100,,5021,9,0,2 22 7,1,100,,5015,9,0,2 22 7,1
7001,'15',1841,,5038,9,0,2 22 7,1,70,,5056,9,0,2 22 7,1,30,,5043,9,0,2 22 7,1,70,,5060,9,0,2 22 7,1,30,,5059,9,0,2 22 7,1,70,,5035,9,0,2 22 7,1,30,,5045,9,0,2 22 7,1,70,,5055,9,0,2 22 7,1,30,,5033,9,0,2 22 7,1,70,,5049,9,0,2 22 7,1
7001,'16',1841,,5070,9,0,2 22 7,1,70,,5088,9,0,2 22 7,1,30,,5075,9,0,2 22 7,1,70,,5092,9,0,2 22 7,1,30,,5091,9,0,2 22 7,1,70,,5067,9,0,2 22 7,1,30,,5077,9,0,2 22 7,1,70,,5087,9,0,2 22 7,1,30,,5065,9,0,2 22 7,1,70,,5081,9,0,2 22 7,1
7001,'17',1841,,5103,9,0,2 22 7,1,70,,5119,9,0,2 22 7,1,30,,5108,9,0,2 22 7,1,70,,5124,9,0,2 22 7,1,30,,5122,9,0,2 22 7,1,70,,5101,9,0,2 22 7,1,30,,5110,9,0,2 22 7,1,70,,5118,9,0,2 22 7,1,30,,5098,9,0,2 22 7,1,70,,5113,9,0,2 22 7,1
7001,'19',1841,,5135,9,0,2 22 7,1,70,,5152,9,0,2 22 7,1,30,,5141,9,0,2 22 7,1,70,,5156,9,0,2 22 7,1,30,,5155,9,0,2 22 7,1,70,,5132,9,0,2 22 7,1,30,,5143,9,0,2 22 7,1,70,,5151,9,0,2 22 7,1,30,,5129,9,0,2 22 7,1,70,,5146,9,0,2 22 7,1
7001,'21',741,,5167,9,0,2 22 7,1,100,,1328,9,0,2 22 7,1,100,,5168,9,0,2 22 7,1,100,,5170,9,0,2 22 7,1,100,,5157,9,0,2 22 7,1,100,,5163,9,0,2 22 7,1,100,,5166,9,0,2 22 7,1,100,,5165,9,0,2 22 7,1,100,,5160,9,0,2 22 7,1,100,,5159,9,0,2 22 7,1,100,,5158,9,0,2 22 7,1,100,,5169,9,0,2 22 7,1,100,,5161,9,0,2 22 7,1,100,,5162,9,0,2 22 7,1,100,,5164,9,0,2 22 7,1,100,,1991,9,0,2 22 7,1
7001,'5',1841,,5180,9,0,2 22 7,1,70,,5198,9,0,2 22 7,1,30,,5185,9,0,2 22 7,1,70,,5202,9,0,2 22 7,1,30,,5201,9,0,2 22 7,1,70,,5177,9,0,2 22 7,1,30,,5187,9,0,2 22 7,1,70,,5197,9,0,2 22 7,1,30,,5175,9,0,2 22 7,1,70,,5191,9,0,2 22 7,1
7001,'6',1841,,5213,9,0,2 22 7,1,70,,5230,9,0,2 22 7,1,30,,5219,9,0,2 22 7,1,70,,5234,9,0,2 22 7,1,30,,5233,9,0,2 22 7,1,70,,5210,9,0,2 22 7,1,30,,5221,9,0,2 22 7,1,70,,5229,9,0,2 22 7,1,30,,5207,9,0,2 22 7,1,70,,5224,9,0,2 22 7,1
7501,'10',710,,5240,2,0,20 21 23 24,1,100,,5248,2,0,20 21 23 24,1,100,,5250,2,0,20 21 23 24,1,100,,5238,2,0,20 21 23 24,1,100,,5245,2,0,20 21 23 24,1,100,,5243,2,0,20 21 23 24,1,100,,5249,2,0,20 21 23 24,1,100,,5241,2,0,20 21 23 24,1,100,,5246,2,0,20 21 23 24,1,100,,5242,2,0,20 21 23 24,1,100,,5239,2,0,20 21 23 24,1,100,,5235,2,0,20 21 23 24,1,100,,5244,2,0,20 21 23 24,1,100,,5236,2,0,20 21 23 24,1,100,,5247,2,0,20 21 23 24,1,100,,5237,2,0,20 21 23 24,1
7501,'15',1810,,5272,2,0,20 21 23 24,1,30,,5255,2,0,20 21 23 24,1,70,,5269,2,0,20 21 23 24,1,30,,5259,2,0,20 21 23 24,1,70,,5280,2,0,20 21 23 24,1,30,,5270,2,0,20 21 23 24,1,70,,5262,2,0,20 21 23 24,1,30,,5281,2,0,20 21 23 24,1,70,,5274,2,0,20 21 23 24,1,30,,5252,2,0,20 21 23 24,1
7501,'16',1810,,5304,2,0,20 21 23 24,1,30,,5287,2,0,20 21 23 24,1,70,,5301,2,0,20 21 23 24,1,30,,5291,2,0,20 21 23 24,1,70,,5311,2,0,20 21 23 24,1,30,,5302,2,0,20 21 23 24,1,70,,5294,2,0,20 21 23 24,1,30,,5312,2,0,20 21 23 24,1,70,,5305,2,0,20 21 23 24,1,30,,5284,2,0,20 21 23 24,1
7501,'17',1810,,5337,2,0,20 21 23 24,1,30,,5319,2,0,20 21 23 24,1,70,,5334,2,0,20 21 23 24,1,30,,5324,2,0,20 21 23 24,1,70,,5343,2,0,20 21 23 24,1,30,,5335,2,0,20 21 23 24,1,70,,5328,2,0,20 21 23 24,1,30,,5344,2,0,20 21 23 24,1,70,,5339,2,0,20 21 23 24,1,30,,5315,2,0,20 21 23 24,1
7501,'19',1810,,5368,2,0,20 21 23 24,1,30,,5351,2,0,20 21 23 24,1,70,,5365,2,0,20 21 23 24,1,30,,5356,2,0,20 21 23 24,1,70,,5374,2,0,20 21 23 24,1,30,,5366,2,0,20 21 23 24,1,70,,5359,2,0,20 21 23 24,1,30,,5375,2,0,20 21 23 24,1,70,,5370,2,0,20 21 23 24,1,30,,5347,2,0,20 21 23 24,1
7501,'21',710,,5382,2,0,20 21 23 24,1,100,,5389,2,0,20 21 23 24,1,100,,5391,2,0,20 21 23 24,1,100,,5381,2,0,20 21 23 24,1,100,,1409,2,0,20 21 23 24,1,100,,5385,2,0,20 21 23 24,1,100,,5390,2,0,20 21 23 24,1,100,,5383,2,0,20 21 23 24,1,100,,5387,2,0,20 21 23 24,1,100,,5384,2,0,20 21 23 24,1,100,,1152,2,0,20 21 23 24,1,100,,5378,2,0,20 21 23 24,1,100,,5386,2,0,20 21 23 24,1,100,,5379,2,0,20 21 23 24,1,100,,5388,2,0,20 21 23 24,1,100,,5380,2,0,20 21 23 24,1
7501,'5',1810,,5413,2,0,20 21 23 24,1,30,,5396,2,0,20 21 23 24,1,70,,5410,2,0,20 21 23 24,1,30,,5400,2,0,20 21 23 24,1,70,,5420,2,0,20 21 23 24,1,30,,5411,2,0,20 21 23 24,1,70,,5403,2,0,20 21 23 24,1,30,,5421,2,0,20 21 23 24,1,70,,5414,2,0,20 21 23 24,1,30,,5393,2,0,20 21 23 24,1
7501,'6',1810,,5445,2,0,20 21 23 24,1,30,,5428,2,0,20 21 23 24,1,70,,5442,2,0,20 21 23 24,1,30,,5433,2,0,20 21 23 24,1,70,,5451,2,0,20 21 23 24,1,30,,5443,2,0,20 21 23 24,1,70,,5436,2,0,20 21 23 24,1,30,,5452,2,0,20 21 23 24,1,70,,5447,2,0,20 21 23 24,1,30,,5424,2,0,20 21 23 24,1
