5001,'1',734,,7632,9,0,20 21 23 24,1,100,,7629,9,0,20 21 23 24,1,100,,7640,9,0,20 21 23 24,1,100,,7635,9,0,20 21 23 24,1,100,,7636,9,0,20 21 23 24,1,100,,5806,9,0,20 21 23 24,1,100,,7637,9,0,20 21 23 24,1,100,,7633,9,0,20 21 23 24,1,100,,7630,9,0,20 21 23 24,1,100,,7639,9,0,20 21 23 24,1,100,,7631,9,0,20 21 23 24,1,100,,7628,9,0,20 21 23 24,1,100,,7634,9,0,20 21 23 24,1,100,,7641,9,0,20 21 23 24,1,100,,7638,9,0,20 21 23 24,1,100,,7627,9,0,20 21 23 24,1
5001,'11',734,,7645,9,0,11 2 23 24,1,100,,7642,9,0,11 2 23 24,1,100,,7646,9,0,11 2 23 24,1,100,,7647,9,0,11 2 23 24,1,100,,7650,9,0,11 2 23 24,1,100,,7648,9,0,11 2 23 24,1,100,,7643,9,0,11 2 23 24,1,100,,7649,9,0,11 2 23 24,1,100,,7654,9,0,11 2 23 24,1,100,,7652,9,0,11 2 23 24,1,100,,7656,9,0,11 2 23 24,1,100,,7655,9,0,20 21 23 24,1,100,,7644,9,0,20 21 23 24,1,100,,7651,9,0,20 21 23 24,1,100,,6914,9,0,20 21 23 24,1,100,,7653,9,0,20 21 23 24,1
5001,'14',734,,7662,9,0,20 21 23 24,1,100,,7659,9,0,20 21 23 24,1,100,,7671,9,0,20 21 23 24,1,100,,7666,9,0,20 21 23 24,1,100,,7667,9,0,20 21 23 24,1,100,,7664,9,0,20 21 23 24,1,100,,7668,9,0,20 21 23 24,1,100,,7663,9,0,20 21 23 24,1,100,,7660,9,0,20 21 23 24,1,100,,7670,9,0,20 21 23 24,1,100,,7661,9,0,20 21 23 24,1,100,,7658,9,0,20 21 23 24,1,100,,7665,9,0,20 21 23 24,1,100,,7672,9,0,20 21 23 24,1,100,,7669,9,0,20 21 23 24,1,100,,7657,9,0,20 21 23 24,1
5001,'3',734,,7676,9,0,11 2 23 24,1,100,,7673,9,0,11 2 23 24,1,100,,7677,9,0,11 2 23 24,1,100,,7678,9,0,11 2 23 24,1,100,,7681,9,0,11 2 23 24,1,100,,7679,9,0,11 2 23 24,1,100,,7674,9,0,11 2 23 24,1,100,,7680,9,0,11 2 23 24,1,100,,7685,9,0,11 2 23 24,1,100,,7683,9,0,11 2 23 24,1,100,,7687,9,0,11 2 23 24,1,100,,7686,9,0,20 21 23 24,1,100,,7675,9,0,20 21 23 24,1,100,,7682,9,0,20 21 23 24,1,100,,6962,9,0,20 21 23 24,1,100,,7684,9,0,20 21 23 24,1
5501,'1',721,,7702,5,0,20 21 5 12,1,100,,7694,5,0,20 21 5 12,1,100,,7689,5,0,20 21 5 12,1,100,,7695,5,0,20 21 5 12,1,100,,7699,5,0,20 21 5 12,1,100,,7692,5,0,20 21 5 12,1,100,,7691,5,0,20 21 5 12,1,100,,7700,5,0,20 21 5 12,1,100,,7697,5,0,20 21 5 12,1,100,,7698,5,0,20 21 5 12,1,100,,7701,5,0,20 21 5 12,1,100,,7696,5,0,20 21 5 12,1,100,,7690,5,0,20 21 5 12,1,100,,7693,5,0,20 21 5 12,1,100,,7688,5,0,20 21 5 12,1,100,,7703,5,0,20 21 5 12,1
5501,'11',718,,7716,4,0,11 2 5 12,1,100,,7714,4,0,11 2 5 12,1,100,,7707,4,0,11 2 5 12,1,100,,7704,4,0,11 2 5 12,1,100,,7711,4,0,11 2 5 12,1,100,,7709,4,0,11 2 5 12,1,100,,7715,4,0,11 2 5 12,1,100,,7708,4,0,11 2 5 12,1,100,,7705,4,0,11 2 5 12,1,100,,7712,4,0,11 2 5 12,1,100,,7706,4,0,11 2 5 12,1,103,,7717,5,0,20 21 5 12,1,100,,7710,5,0,20 21 5 12,1,100,,7713,5,0,20 21 5 12,1,100,,7719,5,0,20 21 5 12,1,100,,7718,5,0,20 21 5 12,1
5501,'14',721,,7733,5,0,20 21 5 12,1,100,,7726,5,0,20 21 5 12,1,100,,7721,5,0,20 21 5 12,1,100,,7727,5,0,20 21 5 12,1,100,,7730,5,0,20 21 5 12,1,100,,7724,5,0,20 21 5 12,1,100,,7723,5,0,20 21 5 12,1,100,,7731,5,0,20 21 5 12,1,100,,7728,5,0,20 21 5 12,1,100,,7729,5,0,20 21 5 12,1,100,,7732,5,0,20 21 5 12,1,100,,6217,5,0,20 21 5 12,1,100,,7722,5,0,20 21 5 12,1,100,,7725,5,0,20 21 5 12,1,100,,7720,5,0,20 21 5 12,1,100,,7734,5,0,20 21 5 12,1
5501,'3',718,,7747,4,0,11 2 5 12,1,100,,7745,4,0,11 2 5 12,1,100,,7738,4,0,11 2 5 12,1,100,,7735,4,0,11 2 5 12,1,100,,7742,4,0,11 2 5 12,1,100,,7740,4,0,11 2 5 12,1,100,,7746,4,0,11 2 5 12,1,100,,7739,4,0,11 2 5 12,1,100,,7736,4,0,11 2 5 12,1,100,,7743,4,0,11 2 5 12,1,100,,7737,4,0,11 2 5 12,1,103,,7748,5,0,20 21 5 12,1,100,,7741,5,0,20 21 5 12,1,100,,7744,5,0,20 21 5 12,1,100,,7750,5,0,20 21 5 12,1,100,,7749,5,0,20 21 5 12,1
7001,'1',717,,8032,5,0,22 2 6 2 7,1,100,,8019,5,0,22 2 6 2 7,1,100,,8020,5,0,22 2 6 2 7,1,100,,8029,5,0,22 2 6 2 7,1,100,,8028,5,0,22 2 6 2 7,1,100,,8033,5,0,22 2 6 2 7,1,100,,8027,5,0,22 2 6 2 7,1,100,,8030,5,0,22 2 6 2 7,1,100,,8022,5,0,22 2 6 2 7,1,100,,8023,5,0,22 2 6 2 7,1,100,,8026,5,0,22 2 6 2 7,1,100,,8021,5,0,22 2 6 2 7,1,100,,6887,5,0,22 2 6 2 7,1,100,,8025,5,0,22 2 6 2 7,1,100,,8031,5,0,22 2 6 2 7,1,100,,8024,5,0,22 2 6 2 7,1
7001,'11',717,,8061,4,0,11 2 7,1,30,,8065,4,0,11 2 7,1,70,,8060,4,0,11 2 7,1,30,,8058,4,0,11 2 7,1,70,,8037,4,0,11 2 7,1,30,,8064,4,0,11 2 7,1,70,,8059,4,0,11 2 7,1,30,,8053,4,0,11 2 7,1,70,,8054,4,0,11 2 7,1,30,,8039,4,0,11 2 7,1,70,,8051,4,0,11 2 7,1,30,,8045,4,0,11 2 7,1,70,,8062,4,0,11 2 7,1,30,,8035,4,0,11 2 7,1,70,,8047,4,0,11 2 7,1,30,,8036,4,0,11 2 7,1,70,,8042,4,0,11 2 7,1,30,,8043,4,0,11 2 7,1,70,,8048,4,0,11 2 7,1,30,,8044,4,0,11 2 7,1,70,,8050,4,0,11 2 7,1,30,,8041,4,0,11 2 7,1,70,,8057,5,0,22 2 6 2 7,1,30,,8052,5,0,22 2 6 2 7,1,70,,8055,5,0,22 2 6 2 7,1,30,,8038,5,0,22 2 6 2 7,1,70,,8046,5,0,22 2 6 2 7,1,30,,8034,5,0,22 2 6 2 7,1,70,,8056,5,0,22 2 6 2 7,1,30,,8063,5,0,22 2 6 2 7,1,70,,8040,5,0,22 2 6 2 7,1,30,,8049,5,0,22 2 6 2 7,1
7001,'14',717,,8080,5,0,22 2 6 2 7,1,100,,8066,5,0,22 2 6 2 7,1,100,,8067,5,0,22 2 6 2 7,1,100,,8077,5,0,22 2 6 2 7,1,100,,8075,5,0,22 2 6 2 7,1,100,,8081,5,0,22 2 6 2 7,1,100,,8074,5,0,22 2 6 2 7,1,100,,8078,5,0,22 2 6 2 7,1,100,,8069,5,0,22 2 6 2 7,1,100,,8070,5,0,22 2 6 2 7,1,100,,8073,5,0,22 2 6 2 7,1,100,,8068,5,0,22 2 6 2 7,1,100,,8076,5,0,22 2 6 2 7,1,100,,8072,5,0,22 2 6 2 7,1,100,,8079,5,0,22 2 6 2 7,1,100,,8071,5,0,22 2 6 2 7,1
7001,'3',717,,8111,4,0,11 2 7,1,30,,8110,4,0,11 2 7,1,70,,8109,4,0,11 2 7,1,30,,8107,4,0,11 2 7,1,70,,8084,4,0,11 2 7,1,30,,8087,4,0,11 2 7,1,70,,8108,4,0,11 2 7,1,30,,8102,4,0,11 2 7,1,70,,8103,4,0,11 2 7,1,30,,8094,4,0,11 2 7,1,70,,8100,4,0,11 2 7,1,30,,8093,4,0,11 2 7,1,70,,8112,4,0,11 2 7,1,30,,8085,4,0,11 2 7,1,70,,8096,4,0,11 2 7,1,30,,8083,4,0,11 2 7,1,70,,8090,4,0,11 2 7,1,30,,8091,4,0,11 2 7,1,70,,8097,4,0,11 2 7,1,30,,8092,4,0,11 2 7,1,70,,8099,4,0,11 2 7,1,30,,8089,4,0,11 2 7,1,70,,8106,5,0,22 2 6 2 7,1,30,,8101,5,0,22 2 6 2 7,1,70,,8104,5,0,22 2 6 2 7,1,30,,8086,5,0,22 2 6 2 7,1,70,,8095,5,0,22 2 6 2 7,1,30,,8082,5,0,22 2 6 2 7,1,70,,8105,5,0,22 2 6 2 7,1,30,,8113,5,0,22 2 6 2 7,1,70,,8088,5,0,22 2 6 2 7,1,30,,8098,5,0,22 2 6 2 7,1
7501,'1',735,,8124,7,0,25 24,1,100,,8121,7,0,25 24,1,100,,8127,7,0,25 24,1,100,,8125,7,0,25 24,1,100,,8114,7,0,25 24,1,100,,8128,7,0,25 24,1,100,,8119,7,0,25 24,1,100,,8117,7,0,25 24,1,100,,8118,7,0,25 24,1,100,,8122,7,0,25 24,1,100,,8126,7,0,25 24,1,100,,8116,7,0,25 24,1,100,,8129,7,0,25 24,1,100,,8120,7,0,25 24,1,100,,8115,7,0,25 24,1,100,,8123,7,0,25 24,1
7501,'11',735,,8159,6,0,11 2 23 24,1,70,,5909,6,0,11 2 23 24,1,30,,8155,6,0,11 2 23 24,1,70,,8142,6,0,11 2 23 24,1,30,,8133,6,0,11 2 23 24,1,70,,8138,6,0,11 2 23 24,1,30,,8148,6,0,11 2 23 24,1,70,,8158,6,0,11 2 23 24,1,30,,8154,6,0,11 2 23 24,1,70,,8135,6,0,11 2 23 24,1,30,,8134,6,0,11 2 23 24,1,70,,8151,6,0,11 2 23 24,1,30,,8152,6,0,11 2 23 24,1,70,,8149,6,0,11 2 23 24,1,30,,8153,6,0,11 2 23 24,1,70,,8130,6,0,11 2 23 24,1,30,,8147,6,0,11 2 23 24,1,70,,8131,6,0,11 2 23 24,1,30,,8157,6,0,11 2 23 24,1,70,,8156,6,0,11 2 23 24,1,30,,8150,6,0,11 2 23 24,1,70,,8139,6,0,11 2 23 24,1,30,,8160,7,0,25 24,1,70,,8146,7,0,25 24,1,30,,8140,7,0,25 24,1,70,,8143,7,0,25 24,1,30,,8145,7,0,25 24,1,70,,8144,7,0,25 24,1,30,,8141,7,0,25 24,1,70,,8137,7,0,25 24,1,30,,8132,7,0,25 24,1,70,,8136,7,0,25 24,1
7501,'14',735,,8171,7,0,25 24,1,100,,8168,7,0,25 24,1,100,,8174,7,0,25 24,1,100,,8172,7,0,25 24,1,100,,8161,7,0,25 24,1,100,,8175,7,0,25 24,1,100,,8166,7,0,25 24,1,100,,8164,7,0,25 24,1,100,,8165,7,0,25 24,1,100,,8169,7,0,25 24,1,100,,8173,7,0,25 24,1,100,,8163,7,0,25 24,1,100,,8176,7,0,25 24,1,100,,8167,7,0,25 24,1,100,,8162,7,0,25 24,1,100,,8170,7,0,25 24,1
7501,'3',735,,8206,6,0,11 2 23 24,1,70,,6005,6,0,11 2 23 24,1,30,,8203,6,0,11 2 23 24,1,70,,8179,6,0,11 2 23 24,1,30,,8181,6,0,11 2 23 24,1,70,,8186,6,0,11 2 23 24,1,30,,8197,6,0,11 2 23 24,1,70,,8191,6,0,11 2 23 24,1,30,,8202,6,0,11 2 23 24,1,70,,8183,6,0,11 2 23 24,1,30,,8182,6,0,11 2 23 24,1,70,,8180,6,0,11 2 23 24,1,30,,8200,6,0,11 2 23 24,1,70,,8198,6,0,11 2 23 24,1,30,,8201,6,0,11 2 23 24,1,70,,8188,6,0,11 2 23 24,1,30,,8196,6,0,11 2 23 24,1,70,,8177,6,0,11 2 23 24,1,30,,8205,6,0,11 2 23 24,1,70,,8204,6,0,11 2 23 24,1,30,,8199,6,0,11 2 23 24,1,70,,8187,6,0,11 2 23 24,1,30,,8207,7,0,25 24,1,70,,8195,7,0,25 24,1,30,,8189,7,0,25 24,1,70,,8192,7,0,25 24,1,30,,8194,7,0,25 24,1,70,,8193,7,0,25 24,1,30,,8190,7,0,25 24,1,70,,8185,7,0,25 24,1,30,,8178,7,0,25 24,1,70,,8184,7,0,25 24,1
