5001,'1',731,,7632,7,0,20 21 23 24,1,100,,7629,7,0,20 21 23 24,1,100,,7640,7,0,20 21 23 24,1,100,,7635,7,0,20 21 23 24,1,100,,7636,7,0,20 21 23 24,1,100,,5806,7,0,20 21 23 24,1,100,,7637,7,0,20 21 23 24,1,100,,7633,7,0,20 21 23 24,1,100,,7630,7,0,20 21 23 24,1,100,,7639,7,0,20 21 23 24,1,100,,7631,7,0,20 21 23 24,1,100,,7628,7,0,20 21 23 24,1,100,,7634,7,0,20 21 23 24,1,100,,7641,7,0,20 21 23 24,1,100,,7638,7,0,20 21 23 24,1,100,,7627,7,0,20 21 23 24,1
5001,'11',731,,7645,7,0,11 2 23 24,1,100,,7642,7,0,11 2 23 24,1,100,,7646,7,0,11 2 23 24,1,100,,7647,7,0,11 2 23 24,1,100,,7650,7,0,11 2 23 24,1,100,,7648,7,0,11 2 23 24,1,100,,7643,7,0,11 2 23 24,1,100,,7649,7,0,11 2 23 24,1,100,,7654,7,0,11 2 23 24,1,100,,7652,7,0,11 2 23 24,1,100,,7656,7,0,11 2 23 24,1,100,,7655,7,0,20 21 23 24,1,100,,7644,7,0,20 21 23 24,1,100,,7651,7,0,20 21 23 24,1,100,,6914,7,0,20 21 23 24,1,100,,7653,7,0,20 21 23 24,1
5001,'14',731,,7662,7,0,20 21 23 24,1,100,,7659,7,0,20 21 23 24,1,100,,7671,7,0,20 21 23 24,1,100,,7666,7,0,20 21 23 24,1,100,,7667,7,0,20 21 23 24,1,100,,7664,7,0,20 21 23 24,1,100,,7668,7,0,20 21 23 24,1,100,,7663,7,0,20 21 23 24,1,100,,7660,7,0,20 21 23 24,1,100,,7670,7,0,20 21 23 24,1,100,,7661,7,0,20 21 23 24,1,100,,7658,7,0,20 21 23 24,1,100,,7665,7,0,20 21 23 24,1,100,,7672,7,0,20 21 23 24,1,100,,7669,7,0,20 21 23 24,1,100,,7657,7,0,20 21 23 24,1
5001,'3',731,,7676,7,0,11 2 23 24,1,100,,7673,7,0,11 2 23 24,1,100,,7677,7,0,11 2 23 24,1,100,,7678,7,0,11 2 23 24,1,100,,7681,7,0,11 2 23 24,1,100,,7679,7,0,11 2 23 24,1,100,,7674,7,0,11 2 23 24,1,100,,7680,7,0,11 2 23 24,1,100,,7685,7,0,11 2 23 24,1,100,,7683,7,0,11 2 23 24,1,100,,7687,7,0,11 2 23 24,1,100,,7686,7,0,20 21 23 24,1,100,,7675,7,0,20 21 23 24,1,100,,7682,7,0,20 21 23 24,1,100,,6962,7,0,20 21 23 24,1,100,,7684,7,0,20 21 23 24,1
5501,'1',718,,7702,3,0,20 21 5 12,1,100,,7694,3,0,20 21 5 12,1,100,,7689,3,0,20 21 5 12,1,100,,7695,3,0,20 21 5 12,1,100,,7699,3,0,20 21 5 12,1,100,,7692,3,0,20 21 5 12,1,100,,7691,3,0,20 21 5 12,1,100,,7700,3,0,20 21 5 12,1,100,,7697,3,0,20 21 5 12,1,100,,7698,3,0,20 21 5 12,1,100,,7701,3,0,20 21 5 12,1,100,,7696,3,0,20 21 5 12,1,100,,7690,3,0,20 21 5 12,1,100,,7693,3,0,20 21 5 12,1,100,,7688,3,0,20 21 5 12,1,100,,7703,3,0,20 21 5 12,1
5501,'11',715,,7716,2,0,11 2 5 12,1,100,,7714,2,0,11 2 5 12,1,100,,7707,2,0,11 2 5 12,1,100,,7704,2,0,11 2 5 12,1,100,,7711,2,0,11 2 5 12,1,100,,7709,2,0,11 2 5 12,1,100,,7715,2,0,11 2 5 12,1,100,,7708,2,0,11 2 5 12,1,100,,7705,2,0,11 2 5 12,1,100,,7712,2,0,11 2 5 12,1,100,,7706,2,0,11 2 5 12,1,103,,7717,3,0,20 21 5 12,1,100,,7710,3,0,20 21 5 12,1,100,,7713,3,0,20 21 5 12,1,100,,7719,3,0,20 21 5 12,1,100,,7718,3,0,20 21 5 12,1
5501,'14',718,,7733,3,0,20 21 5 12,1,100,,7726,3,0,20 21 5 12,1,100,,7721,3,0,20 21 5 12,1,100,,7727,3,0,20 21 5 12,1,100,,7730,3,0,20 21 5 12,1,100,,7724,3,0,20 21 5 12,1,100,,7723,3,0,20 21 5 12,1,100,,7731,3,0,20 21 5 12,1,100,,7728,3,0,20 21 5 12,1,100,,7729,3,0,20 21 5 12,1,100,,7732,3,0,20 21 5 12,1,100,,6217,3,0,20 21 5 12,1,100,,7722,3,0,20 21 5 12,1,100,,7725,3,0,20 21 5 12,1,100,,7720,3,0,20 21 5 12,1,100,,7734,3,0,20 21 5 12,1
5501,'3',715,,7747,2,0,11 2 5 12,1,100,,7745,2,0,11 2 5 12,1,100,,7738,2,0,11 2 5 12,1,100,,7735,2,0,11 2 5 12,1,100,,7742,2,0,11 2 5 12,1,100,,7740,2,0,11 2 5 12,1,100,,7746,2,0,11 2 5 12,1,100,,7739,2,0,11 2 5 12,1,100,,7736,2,0,11 2 5 12,1,100,,7743,2,0,11 2 5 12,1,100,,7737,2,0,11 2 5 12,1,103,,7748,3,0,20 21 5 12,1,100,,7741,3,0,20 21 5 12,1,100,,7744,3,0,20 21 5 12,1,100,,7750,3,0,20 21 5 12,1,100,,7749,3,0,20 21 5 12,1
7001,'1',715,,8032,3,0,22 2 6 2 7,1,100,,8019,3,0,22 2 6 2 7,1,100,,8020,3,0,22 2 6 2 7,1,100,,8029,3,0,22 2 6 2 7,1,100,,8028,3,0,22 2 6 2 7,1,100,,8033,3,0,22 2 6 2 7,1,100,,8027,3,0,22 2 6 2 7,1,100,,8030,3,0,22 2 6 2 7,1,100,,8022,3,0,22 2 6 2 7,1,100,,8023,3,0,22 2 6 2 7,1,100,,8026,3,0,22 2 6 2 7,1,100,,8021,3,0,22 2 6 2 7,1,100,,6887,3,0,22 2 6 2 7,1,100,,8025,3,0,22 2 6 2 7,1,100,,8031,3,0,22 2 6 2 7,1,100,,8024,3,0,22 2 6 2 7,1
7001,'11',715,,8061,2,0,11 2 7,1,30,,8065,2,0,11 2 7,1,70,,8060,2,0,11 2 7,1,30,,8058,2,0,11 2 7,1,70,,8037,2,0,11 2 7,1,30,,8064,2,0,11 2 7,1,70,,8059,2,0,11 2 7,1,30,,8053,2,0,11 2 7,1,70,,8054,2,0,11 2 7,1,30,,8039,2,0,11 2 7,1,70,,8051,2,0,11 2 7,1,30,,8045,2,0,11 2 7,1,70,,8062,2,0,11 2 7,1,30,,8035,2,0,11 2 7,1,70,,8047,2,0,11 2 7,1,30,,8036,2,0,11 2 7,1,70,,8042,2,0,11 2 7,1,30,,8043,2,0,11 2 7,1,70,,8048,2,0,11 2 7,1,30,,8044,2,0,11 2 7,1,70,,8050,2,0,11 2 7,1,30,,8041,2,0,11 2 7,1,70,,8057,3,0,22 2 6 2 7,1,30,,8052,3,0,22 2 6 2 7,1,70,,8055,3,0,22 2 6 2 7,1,30,,8038,3,0,22 2 6 2 7,1,70,,8046,3,0,22 2 6 2 7,1,30,,8034,3,0,22 2 6 2 7,1,70,,8056,3,0,22 2 6 2 7,1,30,,8063,3,0,22 2 6 2 7,1,70,,8040,3,0,22 2 6 2 7,1,30,,8049,3,0,22 2 6 2 7,1
7001,'14',715,,8080,3,0,22 2 6 2 7,1,100,,8066,3,0,22 2 6 2 7,1,100,,8067,3,0,22 2 6 2 7,1,100,,8077,3,0,22 2 6 2 7,1,100,,8075,3,0,22 2 6 2 7,1,100,,8081,3,0,22 2 6 2 7,1,100,,8074,3,0,22 2 6 2 7,1,100,,8078,3,0,22 2 6 2 7,1,100,,8069,3,0,22 2 6 2 7,1,100,,8070,3,0,22 2 6 2 7,1,100,,8073,3,0,22 2 6 2 7,1,100,,8068,3,0,22 2 6 2 7,1,100,,8076,3,0,22 2 6 2 7,1,100,,8072,3,0,22 2 6 2 7,1,100,,8079,3,0,22 2 6 2 7,1,100,,8071,3,0,22 2 6 2 7,1
7001,'3',715,,8111,2,0,11 2 7,1,30,,8110,2,0,11 2 7,1,70,,8109,2,0,11 2 7,1,30,,8107,2,0,11 2 7,1,70,,8084,2,0,11 2 7,1,30,,8087,2,0,11 2 7,1,70,,8108,2,0,11 2 7,1,30,,8102,2,0,11 2 7,1,70,,8103,2,0,11 2 7,1,30,,8094,2,0,11 2 7,1,70,,8100,2,0,11 2 7,1,30,,8093,2,0,11 2 7,1,70,,8112,2,0,11 2 7,1,30,,8085,2,0,11 2 7,1,70,,8096,2,0,11 2 7,1,30,,8083,2,0,11 2 7,1,70,,8090,2,0,11 2 7,1,30,,8091,2,0,11 2 7,1,70,,8097,2,0,11 2 7,1,30,,8092,2,0,11 2 7,1,70,,8099,2,0,11 2 7,1,30,,8089,2,0,11 2 7,1,70,,8106,3,0,22 2 6 2 7,1,30,,8101,3,0,22 2 6 2 7,1,70,,8104,3,0,22 2 6 2 7,1,30,,8086,3,0,22 2 6 2 7,1,70,,8095,3,0,22 2 6 2 7,1,30,,8082,3,0,22 2 6 2 7,1,70,,8105,3,0,22 2 6 2 7,1,30,,8113,3,0,22 2 6 2 7,1,70,,8088,3,0,22 2 6 2 7,1,30,,8098,3,0,22 2 6 2 7,1
