3400,'15',734,,2607,3,0,5 6 7 8 2 9 8,1,170,,2608,3,0,5 6 7 8 2 9 8,1,130,,2609,3,0,5 6 7 8 2 9 8,1,170,,2613,3,0,5 6 7 8 2 9 8,1,130,,2615,3,0,5 6 7 8 2 9 8,1,170,,2614,3,0,5 6 7 8 2 9 8,1,130,,2612,3,0,5 6 7 8 2 9 8,1,170,,2616,3,0,5 6 7 8 2 9 8,1,130,,2611,3,0,5 6 7 8 2 9 8,1,170,,2610,3,0,5 6 7 8 2 9 8,1
3400,'16',734,,2617,3,0,5 6 7 8 2 9 8,1,170,,477,3,0,5 6 7 8 2 9 8,1,130,,2618,3,0,5 6 7 8 2 9 8,1,170,,2621,3,0,5 6 7 8 2 9 8,1,130,,2623,3,0,5 6 7 8 2 9 8,1,170,,2622,3,0,5 6 7 8 2 9 8,1,130,,2620,3,0,5 6 7 8 2 9 8,1,170,,2624,3,0,5 6 7 8 2 9 8,1,130,,333,3,0,5 6 7 8 2 9 8,1,170,,2619,3,0,5 6 7 8 2 9 8,1
3400,'17',734,,2625,3,0,5 6 7 8 2 9 8,1,170,,587,3,0,5 6 7 8 2 9 8,1,130,,2626,3,0,5 6 7 8 2 9 8,1,170,,2629,3,0,5 6 7 8 2 9 8,1,130,,2631,3,0,5 6 7 8 2 9 8,1,170,,2630,3,0,5 6 7 8 2 9 8,1,130,,2628,3,0,5 6 7 8 2 9 8,1,170,,2632,3,0,5 6 7 8 2 9 8,1,130,,343,3,0,5 6 7 8 2 9 8,1,170,,2627,3,0,5 6 7 8 2 9 8,1
3400,'19',734,,2633,3,0,5 6 7 8 2 9 8,1,170,,2634,3,0,5 6 7 8 2 9 8,1,130,,2635,3,0,5 6 7 8 2 9 8,1,170,,2639,3,0,5 6 7 8 2 9 8,1,130,,2641,3,0,5 6 7 8 2 9 8,1,170,,2640,3,0,5 6 7 8 2 9 8,1,130,,2638,3,0,5 6 7 8 2 9 8,1,170,,2642,3,0,5 6 7 8 2 9 8,1,130,,2637,3,0,5 6 7 8 2 9 8,1,170,,2636,3,0,5 6 7 8 2 9 8,1
3400,'5',734,,2643,3,0,5 6 7 8 2 9 8,1,170,,714,3,0,5 6 7 8 2 9 8,1,130,,2644,3,0,5 6 7 8 2 9 8,1,170,,2647,3,0,5 6 7 8 2 9 8,1,130,,2649,3,0,5 6 7 8 2 9 8,1,170,,2648,3,0,5 6 7 8 2 9 8,1,130,,2646,3,0,5 6 7 8 2 9 8,1,170,,2650,3,0,5 6 7 8 2 9 8,1,130,,353,3,0,5 6 7 8 2 9 8,1,170,,2645,3,0,5 6 7 8 2 9 8,1
3400,'6',734,,2651,3,0,5 6 7 8 2 9 8,1,170,,2652,3,0,5 6 7 8 2 9 8,1,130,,2653,3,0,5 6 7 8 2 9 8,1,170,,2657,3,0,5 6 7 8 2 9 8,1,130,,2659,3,0,5 6 7 8 2 9 8,1,170,,2658,3,0,5 6 7 8 2 9 8,1,130,,2656,3,0,5 6 7 8 2 9 8,1,170,,2660,3,0,5 6 7 8 2 9 8,1,130,,2655,3,0,5 6 7 8 2 9 8,1,170,,2654,3,0,5 6 7 8 2 9 8,1
3401,'15',748,,2662,2,0,5 6 7 8 2 7 10,1,170,,2666,2,0,5 6 7 8 2 7 10,1,130,,2669,2,0,5 6 7 8 2 7 10,1,170,,2661,2,0,5 6 7 8 2 7 10,1,130,,2664,2,0,5 6 7 8 2 7 10,1,170,,2665,2,0,5 6 7 8 2 7 10,1,130,,2663,2,0,5 6 7 8 2 7 10,1,170,,2668,2,0,5 6 7 8 2 7 10,1,130,,2670,2,0,5 6 7 8 2 7 10,1,170,,2667,2,0,5 6 7 8 2 7 10,1
3401,'16',748,,2672,2,0,5 6 7 8 2 7 10,1,170,,2676,2,0,5 6 7 8 2 7 10,1,130,,2679,2,0,5 6 7 8 2 7 10,1,170,,2671,2,0,5 6 7 8 2 7 10,1,130,,2674,2,0,5 6 7 8 2 7 10,1,170,,2675,2,0,5 6 7 8 2 7 10,1,130,,2673,2,0,5 6 7 8 2 7 10,1,170,,2678,2,0,5 6 7 8 2 7 10,1,130,,2680,2,0,5 6 7 8 2 7 10,1,170,,2677,2,0,5 6 7 8 2 7 10,1
3401,'17',748,,2682,2,0,5 6 7 8 2 7 10,1,170,,2686,2,0,5 6 7 8 2 7 10,1,130,,2689,2,0,5 6 7 8 2 7 10,1,170,,2681,2,0,5 6 7 8 2 7 10,1,130,,2684,2,0,5 6 7 8 2 7 10,1,170,,2685,2,0,5 6 7 8 2 7 10,1,130,,2683,2,0,5 6 7 8 2 7 10,1,170,,2688,2,0,5 6 7 8 2 7 10,1,130,,2690,2,0,5 6 7 8 2 7 10,1,170,,2687,2,0,5 6 7 8 2 7 10,1
3401,'19',748,,2692,2,0,5 6 7 8 2 7 10,1,170,,2696,2,0,5 6 7 8 2 7 10,1,130,,2699,2,0,5 6 7 8 2 7 10,1,170,,2691,2,0,5 6 7 8 2 7 10,1,130,,2694,2,0,5 6 7 8 2 7 10,1,170,,2695,2,0,5 6 7 8 2 7 10,1,130,,2693,2,0,5 6 7 8 2 7 10,1,170,,2698,2,0,5 6 7 8 2 7 10,1,130,,2700,2,0,5 6 7 8 2 7 10,1,170,,2697,2,0,5 6 7 8 2 7 10,1
3401,'5',748,,2702,2,0,5 6 7 8 2 7 10,1,170,,2706,2,0,5 6 7 8 2 7 10,1,130,,2709,2,0,5 6 7 8 2 7 10,1,170,,2701,2,0,5 6 7 8 2 7 10,1,130,,2704,2,0,5 6 7 8 2 7 10,1,170,,2705,2,0,5 6 7 8 2 7 10,1,130,,2703,2,0,5 6 7 8 2 7 10,1,170,,2708,2,0,5 6 7 8 2 7 10,1,130,,2710,2,0,5 6 7 8 2 7 10,1,170,,2707,2,0,5 6 7 8 2 7 10,1
3401,'6',748,,2712,2,0,5 6 7 8 2 7 10,1,170,,2716,2,0,5 6 7 8 2 7 10,1,130,,2719,2,0,5 6 7 8 2 7 10,1,170,,2711,2,0,5 6 7 8 2 7 10,1,130,,2714,2,0,5 6 7 8 2 7 10,1,170,,2715,2,0,5 6 7 8 2 7 10,1,130,,2713,2,0,5 6 7 8 2 7 10,1,170,,2718,2,0,5 6 7 8 2 7 10,1,130,,2720,2,0,5 6 7 8 2 7 10,1,170,,2717,2,0,5 6 7 8 2 7 10,1
