4501,'1',745,,7436,6,0,20 21 30 12,1,100,,7446,6,0,20 21 30 12,1,100,,7444,6,0,20 21 30 12,1,100,,7439,6,0,20 21 30 12,1,100,,7438,6,0,20 21 30 12,1,100,,7442,6,0,20 21 30 12,1,100,,7435,6,0,20 21 30 12,1,100,,7447,6,0,20 21 30 12,1,100,,7443,6,0,20 21 30 12,1,100,,7437,6,0,20 21 30 12,1,100,,7449,6,0,20 21 30 12,1,100,,7448,6,0,20 21 30 12,1,100,,7434,6,0,20 21 30 12,1,100,,7441,6,0,20 21 30 12,1,100,,7445,6,0,20 21 30 12,1,100,,7440,6,0,20 21 30 12,1
4501,'11',745,,7520,4,0,11 2 5 12,1,100,,7473,4,0,11 2 5 12,1,100,,7502,4,0,11 2 5 12,1,100,,7507,4,0,11 2 5 12,1,100,,7517,4,0,11 2 5 12,1,100,,7461,4,0,11 2 5 12,1,100,,6516,4,0,11 2 5 12,1,100,,7458,4,0,11 2 5 12,1,100,,7463,4,0,11 2 5 12,1,100,,7511,4,0,11 2 5 12,1,100,,7451,4,0,11 2 5 12,1,100,,7524,6,0,20 21 30 12,1,100,,7523,6,0,20 21 30 12,1,100,,7475,6,0,20 21 30 12,1,100,,7497,6,0,20 21 30 12,1,100,,7477,6,0,20 21 30 12,1
4501,'14',745,,7533,6,0,20 21 30 12,1,100,,5500,6,0,20 21 30 12,1,100,,7541,6,0,20 21 30 12,1,100,,7536,6,0,20 21 30 12,1,100,,7535,6,0,20 21 30 12,1,100,,7539,6,0,20 21 30 12,1,100,,7532,6,0,20 21 30 12,1,100,,7543,6,0,20 21 30 12,1,100,,7540,6,0,20 21 30 12,1,100,,7534,6,0,20 21 30 12,1,100,,7545,6,0,20 21 30 12,1,100,,7544,6,0,20 21 30 12,1,100,,7531,6,0,20 21 30 12,1,100,,7538,6,0,20 21 30 12,1,100,,7542,6,0,20 21 30 12,1,100,,7537,6,0,20 21 30 12,1
4501,'3',745,,7616,4,0,11 2 5 12,1,100,,7569,4,0,11 2 5 12,1,100,,7598,4,0,11 2 5 12,1,100,,7603,4,0,11 2 5 12,1,100,,7613,4,0,11 2 5 12,1,100,,7557,4,0,11 2 5 12,1,100,,6582,4,0,11 2 5 12,1,100,,7554,4,0,11 2 5 12,1,100,,7559,4,0,11 2 5 12,1,100,,7607,4,0,11 2 5 12,1,100,,7547,4,0,11 2 5 12,1,100,,7620,6,0,20 21 30 12,1,100,,7619,6,0,20 21 30 12,1,100,,7571,6,0,20 21 30 12,1,100,,7593,6,0,20 21 30 12,1,100,,7573,6,0,20 21 30 12,1
5501,'1',741,,7702,11,0,20 21 5 12,1,100,,7694,11,0,20 21 5 12,1,100,,7689,11,0,20 21 5 12,1,100,,7695,11,0,20 21 5 12,1,100,,7699,11,0,20 21 5 12,1,100,,7692,11,0,20 21 5 12,1,100,,7691,11,0,20 21 5 12,1,100,,7700,11,0,20 21 5 12,1,100,,7697,11,0,20 21 5 12,1,100,,7698,11,0,20 21 5 12,1,100,,7701,11,0,20 21 5 12,1,100,,7696,11,0,20 21 5 12,1,100,,7690,11,0,20 21 5 12,1,100,,7693,11,0,20 21 5 12,1,100,,7688,11,0,20 21 5 12,1,100,,7703,11,0,20 21 5 12,1
5501,'11',738,,7716,10,0,11 2 5 12,1,100,,7714,10,0,11 2 5 12,1,100,,7707,10,0,11 2 5 12,1,100,,7704,10,0,11 2 5 12,1,100,,7711,10,0,11 2 5 12,1,100,,7709,10,0,11 2 5 12,1,100,,7715,10,0,11 2 5 12,1,100,,7708,10,0,11 2 5 12,1,100,,7705,10,0,11 2 5 12,1,100,,7712,10,0,11 2 5 12,1,100,,7706,10,0,11 2 5 12,1,103,,7717,11,0,20 21 5 12,1,100,,7710,11,0,20 21 5 12,1,100,,7713,11,0,20 21 5 12,1,100,,7719,11,0,20 21 5 12,1,100,,7718,11,0,20 21 5 12,1
5501,'14',741,,7733,11,0,20 21 5 12,1,100,,7726,11,0,20 21 5 12,1,100,,7721,11,0,20 21 5 12,1,100,,7727,11,0,20 21 5 12,1,100,,7730,11,0,20 21 5 12,1,100,,7724,11,0,20 21 5 12,1,100,,7723,11,0,20 21 5 12,1,100,,7731,11,0,20 21 5 12,1,100,,7728,11,0,20 21 5 12,1,100,,7729,11,0,20 21 5 12,1,100,,7732,11,0,20 21 5 12,1,100,,6217,11,0,20 21 5 12,1,100,,7722,11,0,20 21 5 12,1,100,,7725,11,0,20 21 5 12,1,100,,7720,11,0,20 21 5 12,1,100,,7734,11,0,20 21 5 12,1
5501,'3',738,,7747,10,0,11 2 5 12,1,100,,7745,10,0,11 2 5 12,1,100,,7738,10,0,11 2 5 12,1,100,,7735,10,0,11 2 5 12,1,100,,7742,10,0,11 2 5 12,1,100,,7740,10,0,11 2 5 12,1,100,,7746,10,0,11 2 5 12,1,100,,7739,10,0,11 2 5 12,1,100,,7736,10,0,11 2 5 12,1,100,,7743,10,0,11 2 5 12,1,100,,7737,10,0,11 2 5 12,1,103,,7748,11,0,20 21 5 12,1,100,,7741,11,0,20 21 5 12,1,100,,7744,11,0,20 21 5 12,1,100,,7750,11,0,20 21 5 12,1,100,,7749,11,0,20 21 5 12,1
6501,'1',742,,7891,8,0,20 21 5 12,1,100,,7884,8,0,20 21 5 12,1,100,,7894,8,0,20 21 5 12,1,100,,7890,8,0,20 21 5 12,1,100,,7887,8,0,20 21 5 12,1,100,,7883,8,0,20 21 5 12,1,100,,7897,8,0,20 21 5 12,1,100,,7893,8,0,20 21 5 12,1,100,,7888,8,0,20 21 5 12,1,100,,7889,8,0,20 21 5 12,1,100,,7892,8,0,20 21 5 12,1,100,,7885,8,0,20 21 5 12,1,100,,7895,8,0,20 21 5 12,1,100,,7896,8,0,20 21 5 12,1,100,,7886,8,0,20 21 5 12,1,100,,7898,8,0,20 21 5 12,1
6501,'11',1842,,7925,8,0,20 21 5 12,1,70,,6931,8,0,20 21 5 12,1,30,,7910,8,0,20 21 5 12,1,70,,7943,8,0,20 21 5 12,1,30,,7935,8,0,20 21 5 12,1,70,,7940,8,0,20 21 5 12,1,30,,7919,8,0,20 21 5 12,1,70,,7922,8,0,20 21 5 12,1,30,,7934,8,0,20 21 5 12,1,70,,7902,8,0,20 21 5 12,1
6501,'14',742,,7958,8,0,20 21 5 12,1,100,,7952,8,0,20 21 5 12,1,100,,7961,8,0,20 21 5 12,1,100,,7957,8,0,20 21 5 12,1,100,,7954,8,0,20 21 5 12,1,100,,7951,8,0,20 21 5 12,1,100,,7964,8,0,20 21 5 12,1,100,,7960,8,0,20 21 5 12,1,100,,7955,8,0,20 21 5 12,1,100,,7956,8,0,20 21 5 12,1,100,,7959,8,0,20 21 5 12,1,100,,5489,8,0,20 21 5 12,1,100,,7962,8,0,20 21 5 12,1,100,,7963,8,0,20 21 5 12,1,100,,7953,8,0,20 21 5 12,1,100,,7965,8,0,20 21 5 12,1
6501,'3',1842,,7992,8,0,20 21 5 12,1,70,,8007,8,0,20 21 5 12,1,30,,7977,8,0,20 21 5 12,1,70,,8011,8,0,20 21 5 12,1,30,,8002,8,0,20 21 5 12,1,70,,8008,8,0,20 21 5 12,1,30,,7986,8,0,20 21 5 12,1,70,,7989,8,0,20 21 5 12,1,30,,8001,8,0,20 21 5 12,1,70,,7969,8,0,20 21 5 12,1
