5001,'1',734,,7632,10,0,20 21 23 24,1,100,,7629,10,0,20 21 23 24,1,100,,7640,10,0,20 21 23 24,1,100,,7635,10,0,20 21 23 24,1,100,,7636,10,0,20 21 23 24,1,100,,5806,10,0,20 21 23 24,1,100,,7637,10,0,20 21 23 24,1,100,,7633,10,0,20 21 23 24,1,100,,7630,10,0,20 21 23 24,1,100,,7639,10,0,20 21 23 24,1,100,,7631,10,0,20 21 23 24,1,100,,7628,10,0,20 21 23 24,1,100,,7634,10,0,20 21 23 24,1,100,,7641,10,0,20 21 23 24,1,100,,7638,10,0,20 21 23 24,1,100,,7627,10,0,20 21 23 24,1
5001,'11',735,,7645,10,0,11 2 23 24,1,100,,7642,10,0,11 2 23 24,1,100,,7646,10,0,11 2 23 24,1,100,,7647,10,0,11 2 23 24,1,100,,7650,10,0,11 2 23 24,1,100,,7648,10,0,11 2 23 24,1,100,,7643,10,0,11 2 23 24,1,100,,7649,10,0,11 2 23 24,1,100,,7654,10,0,11 2 23 24,1,100,,7652,10,0,11 2 23 24,1,100,,7656,10,0,11 2 23 24,1,99,,7655,10,0,20 21 23 24,1,100,,7644,10,0,20 21 23 24,1,100,,7651,10,0,20 21 23 24,1,100,,6914,10,0,20 21 23 24,1,100,,7653,10,0,20 21 23 24,1
5001,'14',734,,7662,10,0,20 21 23 24,1,100,,7659,10,0,20 21 23 24,1,100,,7671,10,0,20 21 23 24,1,100,,7666,10,0,20 21 23 24,1,100,,7667,10,0,20 21 23 24,1,100,,7664,10,0,20 21 23 24,1,100,,7668,10,0,20 21 23 24,1,100,,7663,10,0,20 21 23 24,1,100,,7660,10,0,20 21 23 24,1,100,,7670,10,0,20 21 23 24,1,100,,7661,10,0,20 21 23 24,1,100,,7658,10,0,20 21 23 24,1,100,,7665,10,0,20 21 23 24,1,100,,7672,10,0,20 21 23 24,1,100,,7669,10,0,20 21 23 24,1,100,,7657,10,0,20 21 23 24,1
5001,'3',735,,7676,10,0,11 2 23 24,1,100,,7673,10,0,11 2 23 24,1,100,,7677,10,0,11 2 23 24,1,100,,7678,10,0,11 2 23 24,1,100,,7681,10,0,11 2 23 24,1,100,,7679,10,0,11 2 23 24,1,100,,7674,10,0,11 2 23 24,1,100,,7680,10,0,11 2 23 24,1,100,,7685,10,0,11 2 23 24,1,100,,7683,10,0,11 2 23 24,1,100,,7687,10,0,11 2 23 24,1,99,,7686,10,0,20 21 23 24,1,100,,7675,10,0,20 21 23 24,1,100,,7682,10,0,20 21 23 24,1,100,,6962,10,0,20 21 23 24,1,100,,7684,10,0,20 21 23 24,1
5501,'1',722,,7702,6,0,20 21 5 12,1,100,,7694,6,0,20 21 5 12,1,100,,7689,6,0,20 21 5 12,1,100,,7695,6,0,20 21 5 12,1,100,,7699,6,0,20 21 5 12,1,100,,7692,6,0,20 21 5 12,1,100,,7691,6,0,20 21 5 12,1,100,,7700,6,0,20 21 5 12,1,100,,7697,6,0,20 21 5 12,1,100,,7698,6,0,20 21 5 12,1,100,,7701,6,0,20 21 5 12,1,100,,7696,6,0,20 21 5 12,1,100,,7690,6,0,20 21 5 12,1,100,,7693,6,0,20 21 5 12,1,100,,7688,6,0,20 21 5 12,1,100,,7703,6,0,20 21 5 12,1
5501,'11',719,,7716,5,0,11 2 5 12,1,100,,7714,5,0,11 2 5 12,1,100,,7707,5,0,11 2 5 12,1,100,,7704,5,0,11 2 5 12,1,100,,7711,5,0,11 2 5 12,1,100,,7709,5,0,11 2 5 12,1,100,,7715,5,0,11 2 5 12,1,100,,7708,5,0,11 2 5 12,1,100,,7705,5,0,11 2 5 12,1,100,,7712,5,0,11 2 5 12,1,100,,7706,5,0,11 2 5 12,1,103,,7717,6,0,20 21 5 12,1,100,,7710,6,0,20 21 5 12,1,100,,7713,6,0,20 21 5 12,1,100,,7719,6,0,20 21 5 12,1,100,,7718,6,0,20 21 5 12,1
5501,'14',722,,7733,6,0,20 21 5 12,1,100,,7726,6,0,20 21 5 12,1,100,,7721,6,0,20 21 5 12,1,100,,7727,6,0,20 21 5 12,1,100,,7730,6,0,20 21 5 12,1,100,,7724,6,0,20 21 5 12,1,100,,7723,6,0,20 21 5 12,1,100,,7731,6,0,20 21 5 12,1,100,,7728,6,0,20 21 5 12,1,100,,7729,6,0,20 21 5 12,1,100,,7732,6,0,20 21 5 12,1,100,,6217,6,0,20 21 5 12,1,100,,7722,6,0,20 21 5 12,1,100,,7725,6,0,20 21 5 12,1,100,,7720,6,0,20 21 5 12,1,100,,7734,6,0,20 21 5 12,1
5501,'3',719,,7747,5,0,11 2 5 12,1,100,,7745,5,0,11 2 5 12,1,100,,7738,5,0,11 2 5 12,1,100,,7735,5,0,11 2 5 12,1,100,,7742,5,0,11 2 5 12,1,100,,7740,5,0,11 2 5 12,1,100,,7746,5,0,11 2 5 12,1,100,,7739,5,0,11 2 5 12,1,100,,7736,5,0,11 2 5 12,1,100,,7743,5,0,11 2 5 12,1,100,,7737,5,0,11 2 5 12,1,103,,7748,6,0,20 21 5 12,1,100,,7741,6,0,20 21 5 12,1,100,,7744,6,0,20 21 5 12,1,100,,7750,6,0,20 21 5 12,1,100,,7749,6,0,20 21 5 12,1
7501,'1',736,,8124,8,0,25 24,1,100,,8121,8,0,25 24,1,100,,8127,8,0,25 24,1,100,,8125,8,0,25 24,1,100,,8114,8,0,25 24,1,100,,8128,8,0,25 24,1,100,,8119,8,0,25 24,1,100,,8117,8,0,25 24,1,100,,8118,8,0,25 24,1,100,,8122,8,0,25 24,1,100,,8126,8,0,25 24,1,100,,8116,8,0,25 24,1,100,,8129,8,0,25 24,1,100,,8120,8,0,25 24,1,100,,8115,8,0,25 24,1,100,,8123,8,0,25 24,1
7501,'11',736,,8159,7,0,11 2 23 24,1,70,,5909,7,0,11 2 23 24,1,30,,8155,7,0,11 2 23 24,1,70,,8142,7,0,11 2 23 24,1,30,,8133,7,0,11 2 23 24,1,70,,8138,7,0,11 2 23 24,1,30,,8148,7,0,11 2 23 24,1,70,,8158,7,0,11 2 23 24,1,30,,8154,7,0,11 2 23 24,1,70,,8135,7,0,11 2 23 24,1,30,,8134,7,0,11 2 23 24,1,70,,8151,7,0,11 2 23 24,1,30,,8152,7,0,11 2 23 24,1,70,,8149,7,0,11 2 23 24,1,30,,8153,7,0,11 2 23 24,1,70,,8130,7,0,11 2 23 24,1,30,,8147,7,0,11 2 23 24,1,70,,8131,7,0,11 2 23 24,1,30,,8157,7,0,11 2 23 24,1,70,,8156,7,0,11 2 23 24,1,30,,8150,7,0,11 2 23 24,1,70,,8139,7,0,11 2 23 24,1,30,,8160,8,0,25 24,1,70,,8146,8,0,25 24,1,30,,8140,8,0,25 24,1,70,,8143,8,0,25 24,1,30,,8145,8,0,25 24,1,70,,8144,8,0,25 24,1,30,,8141,8,0,25 24,1,70,,8137,8,0,25 24,1,30,,8132,8,0,25 24,1,70,,8136,8,0,25 24,1
7501,'14',736,,8171,8,0,25 24,1,100,,8168,8,0,25 24,1,100,,8174,8,0,25 24,1,100,,8172,8,0,25 24,1,100,,8161,8,0,25 24,1,100,,8175,8,0,25 24,1,100,,8166,8,0,25 24,1,100,,8164,8,0,25 24,1,100,,8165,8,0,25 24,1,100,,8169,8,0,25 24,1,100,,8173,8,0,25 24,1,100,,8163,8,0,25 24,1,100,,8176,8,0,25 24,1,100,,8167,8,0,25 24,1,100,,8162,8,0,25 24,1,100,,8170,8,0,25 24,1
7501,'3',736,,8206,7,0,11 2 23 24,1,70,,6005,7,0,11 2 23 24,1,30,,8203,7,0,11 2 23 24,1,70,,8179,7,0,11 2 23 24,1,30,,8181,7,0,11 2 23 24,1,70,,8186,7,0,11 2 23 24,1,30,,8197,7,0,11 2 23 24,1,70,,8191,7,0,11 2 23 24,1,30,,8202,7,0,11 2 23 24,1,70,,8183,7,0,11 2 23 24,1,30,,8182,7,0,11 2 23 24,1,70,,8180,7,0,11 2 23 24,1,30,,8200,7,0,11 2 23 24,1,70,,8198,7,0,11 2 23 24,1,30,,8201,7,0,11 2 23 24,1,70,,8188,7,0,11 2 23 24,1,30,,8196,7,0,11 2 23 24,1,70,,8177,7,0,11 2 23 24,1,30,,8205,7,0,11 2 23 24,1,70,,8204,7,0,11 2 23 24,1,30,,8199,7,0,11 2 23 24,1,70,,8187,7,0,11 2 23 24,1,30,,8207,8,0,25 24,1,70,,8195,8,0,25 24,1,30,,8189,8,0,25 24,1,70,,8192,8,0,25 24,1,30,,8194,8,0,25 24,1,70,,8193,8,0,25 24,1,30,,8190,8,0,25 24,1,70,,8185,8,0,25 24,1,30,,8178,8,0,25 24,1,70,,8184,8,0,25 24,1
