4001,'10',738,,3843,0,11 12 29 24,1,100,,3836,0,11 12 29 24,1,100,,3832,0,11 12 29 24,1,100,,3841,0,11 12 29 24,1,100,,3840,0,11 12 29 24,1,100,,3838,0,11 12 29 24,1,100,,3834,0,11 12 29 24,1,100,,3833,0,11 12 29 24,1,100,,3842,0,11 12 29 24,1,100,,3835,0,11 12 29 24,1,100,,3837,0,11 12 29 24,1,100,,3829,0,11 12 29 24,1,100,,3830,0,11 12 29 24,1,100,,3831,0,11 12 29 24,1,100,,3844,0,11 12 29 24,1,100,,3839,0,11 12 29 24,1
4001,'15',1838,,3859,0,11 12 29 24,1,100,,3877,0,11 12 29 24,1,100,,3928,0,11 12 29 24,1,100,,3944,0,11 12 29 24,1,100,,3912,0,11 12 29 24,1
4001,'16',1838,,3968,0,11 12 29 24,1,100,,3986,0,11 12 29 24,1,100,,4035,0,11 12 29 24,1,100,,4051,0,11 12 29 24,1,100,,4020,0,11 12 29 24,1
4001,'17',1838,,4074,0,11 12 29 24,1,100,,4092,0,11 12 29 24,1,100,,4138,0,11 12 29 24,1,100,,4156,0,11 12 29 24,1,100,,4124,0,11 12 29 24,1
4001,'19',1838,,4181,0,11 12 29 24,1,100,,4199,0,11 12 29 24,1,100,,4249,0,11 12 29 24,1,100,,4265,0,11 12 29 24,1,100,,4234,0,11 12 29 24,1
4001,'21',738,,4291,0,11 12 29 24,1,100,,4284,0,11 12 29 24,1,100,,4280,0,11 12 29 24,1,100,,4289,0,11 12 29 24,1,100,,4288,0,11 12 29 24,1,100,,4286,0,11 12 29 24,1,100,,4282,0,11 12 29 24,1,100,,4281,0,11 12 29 24,1,100,,4290,0,11 12 29 24,1,100,,4283,0,11 12 29 24,1,100,,4285,0,11 12 29 24,1,100,,4277,0,11 12 29 24,1,100,,4278,0,11 12 29 24,1,100,,4279,0,11 12 29 24,1,100,,4292,0,11 12 29 24,1,100,,4287,0,11 12 29 24,1
4001,'5',1838,,4306,0,11 12 29 24,1,100,,4324,0,11 12 29 24,1,100,,4373,0,11 12 29 24,1,100,,4389,0,11 12 29 24,1,100,,4358,0,11 12 29 24,1
4001,'6',1838,,4413,0,11 12 29 24,1,100,,4431,0,11 12 29 24,1,100,,4480,0,11 12 29 24,1,100,,4497,0,11 12 29 24,1,100,,4464,0,11 12 29 24,1
4501,'10',713,,4521,0,11 12 30 13,1,100,,4510,0,11 12 30 13,1,100,,4515,0,11 12 30 13,1,100,,4516,0,11 12 30 13,1,100,,4523,0,11 12 30 13,1,100,,4519,0,11 12 30 13,1,100,,4520,0,11 12 30 13,1,100,,4513,0,11 12 30 13,1,100,,4518,0,11 12 30 13,1,100,,4522,0,11 12 30 13,1,100,,4512,0,11 12 30 13,1,100,,4524,0,11 12 30 13,1,100,,4517,0,11 12 30 13,1,100,,4511,0,11 12 30 13,1,100,,4514,0,11 12 30 13,1,100,,4509,0,11 12 30 13,1
4501,'15',1813,,4605,0,11 12 30 13,1,100,,4538,0,11 12 30 13,1,100,,4535,0,11 12 30 13,1,100,,4585,0,11 12 30 13,1,100,,4546,0,11 12 30 13,1
4501,'16',1813,,4709,0,11 12 30 13,1,100,,4648,0,11 12 30 13,1,100,,4645,0,11 12 30 13,1,100,,2158,0,11 12 30 13,1,100,,4656,0,11 12 30 13,1
4501,'17',1813,,4812,0,11 12 30 13,1,100,,4750,0,11 12 30 13,1,100,,2197,0,11 12 30 13,1,100,,885,0,11 12 30 13,1,100,,4759,0,11 12 30 13,1
4501,'19',1813,,4922,0,11 12 30 13,1,100,,4854,0,11 12 30 13,1,100,,4852,0,11 12 30 13,1,100,,4902,0,11 12 30 13,1,100,,4862,0,11 12 30 13,1
4501,'21',713,,4963,0,11 12 30 13,1,100,,4952,0,11 12 30 13,1,100,,4957,0,11 12 30 13,1,100,,4958,0,11 12 30 13,1,100,,4965,0,11 12 30 13,1,100,,4961,0,11 12 30 13,1,100,,4962,0,11 12 30 13,1,100,,4955,0,11 12 30 13,1,100,,4960,0,11 12 30 13,1,100,,4964,0,11 12 30 13,1,100,,4954,0,11 12 30 13,1,100,,4966,0,11 12 30 13,1,100,,4959,0,11 12 30 13,1,100,,4953,0,11 12 30 13,1,100,,4956,0,11 12 30 13,1,100,,4951,0,11 12 30 13,1
4501,'5',1813,,5041,0,11 12 30 13,1,100,,4980,0,11 12 30 13,1,100,,4977,0,11 12 30 13,1,100,,832,0,11 12 30 13,1,100,,4988,0,11 12 30 13,1
4501,'6',1813,,5152,0,11 12 30 13,1,100,,5084,0,11 12 30 13,1,100,,5082,0,11 12 30 13,1,100,,5131,0,11 12 30 13,1,100,,5092,0,11 12 30 13,1
