3400,'15',709,,2607,2,0,5 6 7 8 2 9 8,1,130,,2608,2,0,5 6 7 8 2 9 8,1,170,,2609,2,0,5 6 7 8 2 9 8,1,130,,2613,2,0,5 6 7 8 2 9 8,1,170,,2615,2,0,5 6 7 8 2 9 8,1,130,,2614,2,0,5 6 7 8 2 9 8,1,170,,2612,2,0,5 6 7 8 2 9 8,1,130,,2616,2,0,5 6 7 8 2 9 8,1,170,,2611,2,0,5 6 7 8 2 9 8,1,130,,2610,2,0,5 6 7 8 2 9 8,1
3400,'16',709,,2617,2,0,5 6 7 8 2 9 8,1,130,,477,2,0,5 6 7 8 2 9 8,1,170,,2618,2,0,5 6 7 8 2 9 8,1,130,,2621,2,0,5 6 7 8 2 9 8,1,170,,2623,2,0,5 6 7 8 2 9 8,1,130,,2622,2,0,5 6 7 8 2 9 8,1,170,,2620,2,0,5 6 7 8 2 9 8,1,130,,2624,2,0,5 6 7 8 2 9 8,1,170,,333,2,0,5 6 7 8 2 9 8,1,130,,2619,2,0,5 6 7 8 2 9 8,1
3400,'17',709,,2625,2,0,5 6 7 8 2 9 8,1,130,,587,2,0,5 6 7 8 2 9 8,1,170,,2626,2,0,5 6 7 8 2 9 8,1,130,,2629,2,0,5 6 7 8 2 9 8,1,170,,2631,2,0,5 6 7 8 2 9 8,1,130,,2630,2,0,5 6 7 8 2 9 8,1,170,,2628,2,0,5 6 7 8 2 9 8,1,130,,2632,2,0,5 6 7 8 2 9 8,1,170,,343,2,0,5 6 7 8 2 9 8,1,130,,2627,2,0,5 6 7 8 2 9 8,1
3400,'19',709,,2633,2,0,5 6 7 8 2 9 8,1,130,,2634,2,0,5 6 7 8 2 9 8,1,170,,2635,2,0,5 6 7 8 2 9 8,1,130,,2639,2,0,5 6 7 8 2 9 8,1,170,,2641,2,0,5 6 7 8 2 9 8,1,130,,2640,2,0,5 6 7 8 2 9 8,1,170,,2638,2,0,5 6 7 8 2 9 8,1,130,,2642,2,0,5 6 7 8 2 9 8,1,170,,2637,2,0,5 6 7 8 2 9 8,1,130,,2636,2,0,5 6 7 8 2 9 8,1
3400,'5',709,,2643,2,0,5 6 7 8 2 9 8,1,130,,714,2,0,5 6 7 8 2 9 8,1,170,,2644,2,0,5 6 7 8 2 9 8,1,130,,2647,2,0,5 6 7 8 2 9 8,1,170,,2649,2,0,5 6 7 8 2 9 8,1,130,,2648,2,0,5 6 7 8 2 9 8,1,170,,2646,2,0,5 6 7 8 2 9 8,1,130,,2650,2,0,5 6 7 8 2 9 8,1,170,,353,2,0,5 6 7 8 2 9 8,1,130,,2645,2,0,5 6 7 8 2 9 8,1
3400,'6',709,,2651,2,0,5 6 7 8 2 9 8,1,130,,2652,2,0,5 6 7 8 2 9 8,1,170,,2653,2,0,5 6 7 8 2 9 8,1,130,,2657,2,0,5 6 7 8 2 9 8,1,170,,2659,2,0,5 6 7 8 2 9 8,1,130,,2658,2,0,5 6 7 8 2 9 8,1,170,,2656,2,0,5 6 7 8 2 9 8,1,130,,2660,2,0,5 6 7 8 2 9 8,1,170,,2655,2,0,5 6 7 8 2 9 8,1,130,,2654,2,0,5 6 7 8 2 9 8,1
3401,'15',812,,2662,4,0,5 6 7 8 2 7 10,1,130,,2666,4,0,5 6 7 8 2 7 10,1,170,,2669,4,0,5 6 7 8 2 7 10,1,130,,2661,4,0,5 6 7 8 2 7 10,1,170,,2664,4,0,5 6 7 8 2 7 10,1,130,,2665,4,0,5 6 7 8 2 7 10,1,170,,2663,4,0,5 6 7 8 2 7 10,1,130,,2668,4,0,5 6 7 8 2 7 10,1,170,,2670,4,0,5 6 7 8 2 7 10,1,130,,2667,4,0,5 6 7 8 2 7 10,1
3401,'16',812,,2672,4,0,5 6 7 8 2 7 10,1,130,,2676,4,0,5 6 7 8 2 7 10,1,170,,2679,4,0,5 6 7 8 2 7 10,1,130,,2671,4,0,5 6 7 8 2 7 10,1,170,,2674,4,0,5 6 7 8 2 7 10,1,130,,2675,4,0,5 6 7 8 2 7 10,1,170,,2673,4,0,5 6 7 8 2 7 10,1,130,,2678,4,0,5 6 7 8 2 7 10,1,170,,2680,4,0,5 6 7 8 2 7 10,1,130,,2677,4,0,5 6 7 8 2 7 10,1
3401,'17',812,,2682,4,0,5 6 7 8 2 7 10,1,130,,2686,4,0,5 6 7 8 2 7 10,1,170,,2689,4,0,5 6 7 8 2 7 10,1,130,,2681,4,0,5 6 7 8 2 7 10,1,170,,2684,4,0,5 6 7 8 2 7 10,1,130,,2685,4,0,5 6 7 8 2 7 10,1,170,,2683,4,0,5 6 7 8 2 7 10,1,130,,2688,4,0,5 6 7 8 2 7 10,1,170,,2690,4,0,5 6 7 8 2 7 10,1,130,,2687,4,0,5 6 7 8 2 7 10,1
3401,'19',812,,2692,4,0,5 6 7 8 2 7 10,1,130,,2696,4,0,5 6 7 8 2 7 10,1,170,,2699,4,0,5 6 7 8 2 7 10,1,130,,2691,4,0,5 6 7 8 2 7 10,1,170,,2694,4,0,5 6 7 8 2 7 10,1,130,,2695,4,0,5 6 7 8 2 7 10,1,170,,2693,4,0,5 6 7 8 2 7 10,1,130,,2698,4,0,5 6 7 8 2 7 10,1,170,,2700,4,0,5 6 7 8 2 7 10,1,130,,2697,4,0,5 6 7 8 2 7 10,1
3401,'5',812,,2702,4,0,5 6 7 8 2 7 10,1,130,,2706,4,0,5 6 7 8 2 7 10,1,170,,2709,4,0,5 6 7 8 2 7 10,1,130,,2701,4,0,5 6 7 8 2 7 10,1,170,,2704,4,0,5 6 7 8 2 7 10,1,130,,2705,4,0,5 6 7 8 2 7 10,1,170,,2703,4,0,5 6 7 8 2 7 10,1,130,,2708,4,0,5 6 7 8 2 7 10,1,170,,2710,4,0,5 6 7 8 2 7 10,1,130,,2707,4,0,5 6 7 8 2 7 10,1
3401,'6',812,,2712,4,0,5 6 7 8 2 7 10,1,130,,2716,4,0,5 6 7 8 2 7 10,1,170,,2719,4,0,5 6 7 8 2 7 10,1,130,,2711,4,0,5 6 7 8 2 7 10,1,170,,2714,4,0,5 6 7 8 2 7 10,1,130,,2715,4,0,5 6 7 8 2 7 10,1,170,,2713,4,0,5 6 7 8 2 7 10,1,130,,2718,4,0,5 6 7 8 2 7 10,1,170,,2720,4,0,5 6 7 8 2 7 10,1,130,,2717,4,0,5 6 7 8 2 7 10,1
6001,'10',748,,4340,9,4,,1,100,,4338,9,4,,1,100,,4341,9,4,,1,100,,4336,9,4,,1,100,,4327,9,4,,1,100,,4333,9,4,,1,100,,4330,9,4,,1,100,,4331,9,4,,1,100,,4337,9,4,,1,100,,4334,9,4,,1,100,,4326,9,4,,1,100,,4335,9,4,,1,100,,4332,9,4,,1,100,,4328,9,4,,1,100,,4339,9,4,,1,100,,4329,9,4,,1
6001,'15',739,,4343,5,4,,1,7,,4354,3,4,,1,2,,4391,7,4,,1,57,,4373,5,4,,1,9,,4348,3,4,,1,4,,4375,7,4,,1,21,,4352,5,4,,1,7,,4379,3,4,,1,2,,4386,7,4,,1,57,,4378,5,4,,1,9,,4381,3,4,,1,4,,4347,7,4,,1,21,,4342,3,4,,1,9,,4374,7,4,,1,66,,4370,3,4,,1,4,,4376,7,4,,1,30,,4367,7,4,,1,70,,4350,7,4,,1,30,,4387,7,4,,1,70,,4390,7,4,,1,30,,4364,7,4,,1,70,,4382,7,4,,1,30,,4388,7,4,,1,70,,4356,7,4,,1,30,,4359,7,4,,1,70,,4353,7,4,,1,6,,4389,3,4,,1,24,,4394,7,4,,1,6,,4366,3,4,,1,62,,4357,3,4,,1,2,,4383,7,4,,1,6,,4360,3,4,,1,22,,4380,3,4,,1,2,,4358,7,4,,1,6,,4385,3,4,,1,62,,4384,3,4,,1,2,,4369,7,4,,1,6,,4344,3,4,,1,22,,4377,3,4,,1,2,,4351,7,4,,1,6,,4393,3,4,,1,62,,4361,3,4,,1,2,,4363,7,4,,1,30,,4365,9,4,,1,70,,4368,9,4,,1,30,,4355,9,4,,1,70,,4349,9,4,,1,30,,4371,9,4,,1,70,,4362,9,4,,1,30,,4345,9,4,,1,70,,4372,9,4,,1,30,,4392,9,4,,1,70,,4346,9,4,,1
6001,'16',739,,4396,5,4,,1,7,,4406,3,4,,1,2,,4441,7,4,,1,57,,4424,5,4,,1,9,,4400,3,4,,1,4,,4425,7,4,,1,21,,4404,5,4,,1,7,,4429,3,4,,1,2,,4436,7,4,,1,57,,4428,5,4,,1,9,,4431,3,4,,1,4,,4399,7,4,,1,21,,4395,3,4,,1,9,,555,7,4,,1,66,,4421,3,4,,1,4,,4426,7,4,,1,30,,4418,7,4,,1,70,,4402,7,4,,1,30,,4437,7,4,,1,70,,4440,7,4,,1,30,,4415,7,4,,1,70,,4432,7,4,,1,30,,4438,7,4,,1,70,,4407,7,4,,1,30,,4410,7,4,,1,70,,4405,7,4,,1,6,,4439,3,4,,1,24,,4444,7,4,,1,6,,4417,3,4,,1,62,,4408,3,4,,1,2,,4433,7,4,,1,6,,4411,3,4,,1,22,,4430,3,4,,1,2,,4409,7,4,,1,6,,4435,3,4,,1,62,,4434,3,4,,1,2,,4420,7,4,,1,6,,1712,3,4,,1,22,,4427,3,4,,1,2,,4403,7,4,,1,6,,4443,3,4,,1,62,,4412,3,4,,1,2,,4414,7,4,,1,30,,4416,9,4,,1,70,,4419,9,4,,1,30,,1723,9,4,,1,70,,4401,9,4,,1,30,,4422,9,4,,1,70,,4413,9,4,,1,30,,4397,9,4,,1,70,,4423,9,4,,1,30,,4442,9,4,,1,70,,4398,9,4,,1
6001,'17',739,,4446,5,4,,1,7,,4456,3,4,,1,2,,4491,7,4,,1,57,,4474,5,4,,1,9,,4450,3,4,,1,4,,4475,7,4,,1,21,,4454,5,4,,1,7,,4479,3,4,,1,2,,4486,7,4,,1,57,,4478,5,4,,1,9,,4481,3,4,,1,4,,4449,7,4,,1,21,,4445,3,4,,1,9,,664,7,4,,1,66,,4471,3,4,,1,4,,4476,7,4,,1,30,,4468,7,4,,1,70,,4452,7,4,,1,30,,4487,7,4,,1,70,,4490,7,4,,1,30,,4465,7,4,,1,70,,4482,7,4,,1,30,,4488,7,4,,1,70,,4457,7,4,,1,30,,4460,7,4,,1,70,,4455,7,4,,1,6,,4489,3,4,,1,24,,4494,7,4,,1,6,,4467,3,4,,1,62,,4458,3,4,,1,2,,4483,7,4,,1,6,,4461,3,4,,1,22,,4480,3,4,,1,2,,4459,7,4,,1,6,,4485,3,4,,1,62,,4484,3,4,,1,2,,4470,7,4,,1,6,,1767,3,4,,1,22,,4477,3,4,,1,2,,4453,7,4,,1,6,,4493,3,4,,1,62,,4462,3,4,,1,2,,4464,7,4,,1,30,,4466,9,4,,1,70,,4469,9,4,,1,30,,1778,9,4,,1,70,,4451,9,4,,1,30,,4472,9,4,,1,70,,4463,9,4,,1,30,,4447,9,4,,1,70,,4473,9,4,,1,30,,4492,9,4,,1,70,,4448,9,4,,1
6001,'19',739,,4496,5,4,,1,7,,4507,3,4,,1,2,,4544,7,4,,1,57,,4526,5,4,,1,9,,4501,3,4,,1,4,,4528,7,4,,1,21,,4505,5,4,,1,7,,4532,3,4,,1,2,,4539,7,4,,1,57,,4531,5,4,,1,9,,4534,3,4,,1,4,,4500,7,4,,1,21,,4495,3,4,,1,9,,4527,7,4,,1,66,,4523,3,4,,1,4,,4529,7,4,,1,30,,4520,7,4,,1,70,,4503,7,4,,1,30,,4540,7,4,,1,70,,4543,7,4,,1,30,,4517,7,4,,1,70,,4535,7,4,,1,30,,4541,7,4,,1,70,,4509,7,4,,1,30,,4512,7,4,,1,70,,4506,7,4,,1,6,,4542,3,4,,1,24,,4547,7,4,,1,6,,4519,3,4,,1,62,,4510,3,4,,1,2,,4536,7,4,,1,6,,4513,3,4,,1,22,,4533,3,4,,1,2,,4511,7,4,,1,6,,4538,3,4,,1,62,,4537,3,4,,1,2,,4522,7,4,,1,6,,4497,3,4,,1,22,,4530,3,4,,1,2,,4504,7,4,,1,6,,4546,3,4,,1,62,,4514,3,4,,1,2,,4516,7,4,,1,30,,4518,9,4,,1,70,,4521,9,4,,1,30,,4508,9,4,,1,70,,4502,9,4,,1,30,,4524,9,4,,1,70,,4515,9,4,,1,30,,4498,9,4,,1,70,,4525,9,4,,1,30,,4545,9,4,,1,70,,4499,9,4,,1
6001,'21',748,,4562,9,4,,1,100,,4560,9,4,,1,100,,4563,9,4,,1,100,,4558,9,4,,1,100,,4549,9,4,,1,100,,4555,9,4,,1,100,,4552,9,4,,1,100,,4553,9,4,,1,100,,4559,9,4,,1,100,,4556,9,4,,1,100,,4548,9,4,,1,100,,4557,9,4,,1,100,,4554,9,4,,1,100,,4550,9,4,,1,100,,4561,9,4,,1,100,,4551,9,4,,1
6001,'5',739,,4565,5,4,,1,7,,4575,3,4,,1,2,,4610,7,4,,1,57,,4593,5,4,,1,9,,4569,3,4,,1,4,,4594,7,4,,1,21,,4573,5,4,,1,7,,4598,3,4,,1,2,,4605,7,4,,1,57,,4597,5,4,,1,9,,4600,3,4,,1,4,,4568,7,4,,1,21,,4564,3,4,,1,9,,791,7,4,,1,66,,4590,3,4,,1,4,,4595,7,4,,1,30,,4587,7,4,,1,70,,4571,7,4,,1,30,,4606,7,4,,1,70,,4609,7,4,,1,30,,4584,7,4,,1,70,,4601,7,4,,1,30,,4607,7,4,,1,70,,4576,7,4,,1,30,,4579,7,4,,1,70,,4574,7,4,,1,6,,4608,3,4,,1,24,,4613,7,4,,1,6,,4586,3,4,,1,62,,4577,3,4,,1,2,,4602,7,4,,1,6,,4580,3,4,,1,22,,4599,3,4,,1,2,,4578,7,4,,1,6,,4604,3,4,,1,62,,4603,3,4,,1,2,,4589,7,4,,1,6,,1838,3,4,,1,22,,4596,3,4,,1,2,,4572,7,4,,1,6,,4612,3,4,,1,62,,4581,3,4,,1,2,,4583,7,4,,1,30,,4585,9,4,,1,70,,4588,9,4,,1,30,,1849,9,4,,1,70,,4570,9,4,,1,30,,4591,9,4,,1,70,,4582,9,4,,1,30,,4566,9,4,,1,70,,4592,9,4,,1,30,,4611,9,4,,1,70,,4567,9,4,,1
6001,'6',739,,4615,5,4,,1,7,,4626,3,4,,1,2,,4663,7,4,,1,57,,4645,5,4,,1,9,,4620,3,4,,1,4,,4647,7,4,,1,21,,4624,5,4,,1,7,,4651,3,4,,1,2,,4658,7,4,,1,57,,4650,5,4,,1,9,,4653,3,4,,1,4,,4619,7,4,,1,21,,4614,3,4,,1,9,,4646,7,4,,1,66,,4642,3,4,,1,4,,4648,7,4,,1,30,,4639,7,4,,1,70,,4622,7,4,,1,30,,4659,7,4,,1,70,,4662,7,4,,1,30,,4636,7,4,,1,70,,4654,7,4,,1,30,,4660,7,4,,1,70,,4628,7,4,,1,30,,4631,7,4,,1,70,,4625,7,4,,1,6,,4661,3,4,,1,24,,4666,7,4,,1,6,,4638,3,4,,1,62,,4629,3,4,,1,2,,4655,7,4,,1,6,,4632,3,4,,1,22,,4652,3,4,,1,2,,4630,7,4,,1,6,,4657,3,4,,1,62,,4656,3,4,,1,2,,4641,7,4,,1,6,,4616,3,4,,1,22,,4649,3,4,,1,2,,4623,7,4,,1,6,,4665,3,4,,1,62,,4633,3,4,,1,2,,4635,7,4,,1,30,,4637,9,4,,1,70,,4640,9,4,,1,30,,4627,9,4,,1,70,,4621,9,4,,1,30,,4643,9,4,,1,70,,4634,9,4,,1,30,,4617,9,4,,1,70,,4644,9,4,,1,30,,4664,9,4,,1,70,,4618,9,4,,1
6501,'10',700,,4680,1,0,20 21 5 12,1,100,,4669,1,0,20 21 5 12,1,100,,4672,1,0,20 21 5 12,1,100,,4668,1,0,20 21 5 12,1,100,,4673,1,0,20 21 5 12,1,100,,4678,1,0,20 21 5 12,1,100,,4676,1,0,20 21 5 12,1,100,,4677,1,0,20 21 5 12,1,100,,4679,1,0,20 21 5 12,1,100,,4682,1,0,20 21 5 12,1,100,,4674,1,0,20 21 5 12,1,100,,4667,1,0,20 21 5 12,1,100,,4670,1,0,20 21 5 12,1,100,,4671,1,0,20 21 5 12,1,100,,4675,1,0,20 21 5 12,1,100,,4681,1,0,20 21 5 12,1
6501,'15',700,,4733,1,0,11 2 5 12,1,30,,4702,1,0,11 2 5 12,1,10,,4694,1,0,13 2 14 15 16 17,1,7,,4713,1,0,18 2 19 16 17,1,53,,4695,1,0,11 2 5 12,1,9,,4718,1,0,13 2 14 15 16 17,1,6,,4686,1,0,18 2 19 16 17,1,15,,4722,1,0,11 2 5 12,1,10,,4693,1,0,13 2 14 15 16 17,1,7,,4696,1,0,18 2 19 16 17,1,53,,4714,1,0,11 2 5 12,1,9,,4705,1,0,13 2 14 15 16 17,1,6,,4691,1,0,18 2 19 16 17,1,15,,4737,1,0,11 2 5 12,1,10,,4721,1,0,13 2 14 15 16 17,1,60,,4715,1,0,11 2 5 12,1,30,,4710,1,0,11 2 5 12,1,70,,4683,1,0,11 2 5 12,1,30,,4729,1,0,11 2 5 12,1,70,,4723,1,0,11 2 5 12,1,30,,4727,1,0,11 2 5 12,1,70,,4708,1,0,11 2 5 12,1,30,,4709,1,0,11 2 5 12,1,70,,4706,1,0,11 2 5 12,1,30,,4700,1,0,11 2 5 12,1,70,,4717,1,0,13 2 14 15 16 17,1,17,,4724,1,0,18 2 19 16 17,1,13,,4707,1,0,13 2 14 15 16 17,1,17,,4692,1,0,18 2 19 16 17,1,53,,4687,1,0,13 2 14 15 16 17,1,17,,4716,1,0,18 2 19 16 17,1,13,,4699,1,0,13 2 14 15 16 17,1,17,,4732,1,0,18 2 19 16 17,1,53,,4720,1,0,13 2 14 15 16 17,1,17,,4697,1,0,18 2 19 16 17,1,13,,4685,1,0,13 2 14 15 16 17,1,17,,4712,1,0,18 2 19 16 17,1,53,,4736,1,0,13 2 14 15 16 17,1,17,,4735,1,0,18 2 19 16 17,1,13,,4698,1,0,20 21 5 12,1,70,,4719,1,0,20 21 5 12,1,30,,4726,1,0,20 21 5 12,1,70,,4731,1,0,20 21 5 12,1,30,,4690,1,0,20 21 5 12,1,70,,4728,1,0,20 21 5 12,1,30,,4688,1,0,20 21 5 12,1,70,,4711,1,0,20 21 5 12,1,30,,4684,1,0,20 21 5 12,1
6501,'16',700,,4783,1,0,11 2 5 12,1,30,,4754,1,0,11 2 5 12,1,10,,4748,1,0,13 2 14 15 16 17,1,7,,4764,1,0,18 2 19 16 17,1,53,,4749,1,0,11 2 5 12,1,9,,4769,1,0,13 2 14 15 16 17,1,6,,4741,1,0,18 2 19 16 17,1,15,,4773,1,0,11 2 5 12,1,10,,4747,1,0,13 2 14 15 16 17,1,7,,4750,1,0,18 2 19 16 17,1,53,,4765,1,0,11 2 5 12,1,9,,4757,1,0,13 2 14 15 16 17,1,6,,216,1,0,18 2 19 16 17,1,15,,4787,1,0,11 2 5 12,1,10,,4772,1,0,13 2 14 15 16 17,1,60,,4766,1,0,11 2 5 12,1,30,,1745,1,0,11 2 5 12,1,70,,4738,1,0,11 2 5 12,1,30,,4780,1,0,11 2 5 12,1,70,,4774,1,0,11 2 5 12,1,30,,4778,1,0,11 2 5 12,1,70,,4760,1,0,11 2 5 12,1,30,,4761,1,0,11 2 5 12,1,70,,4758,1,0,11 2 5 12,1,30,,70,1,0,11 2 5 12,1,70,,4768,1,0,13 2 14 15 16 17,1,17,,4775,1,0,18 2 19 16 17,1,13,,4759,1,0,13 2 14 15 16 17,1,17,,4746,1,0,18 2 19 16 17,1,53,,4742,1,0,13 2 14 15 16 17,1,17,,4767,1,0,18 2 19 16 17,1,13,,4753,1,0,13 2 14 15 16 17,1,17,,4782,1,0,18 2 19 16 17,1,53,,4771,1,0,13 2 14 15 16 17,1,17,,4751,1,0,18 2 19 16 17,1,13,,4740,1,0,13 2 14 15 16 17,1,17,,4763,1,0,18 2 19 16 17,1,53,,4786,1,0,13 2 14 15 16 17,1,17,,4785,1,0,18 2 19 16 17,1,13,,4752,1,0,20 21 5 12,1,70,,4770,1,0,20 21 5 12,1,30,,4777,1,0,20 21 5 12,1,70,,4781,1,0,20 21 5 12,1,30,,4745,1,0,20 21 5 12,1,70,,4779,1,0,20 21 5 12,1,30,,4743,1,0,20 21 5 12,1,70,,4762,1,0,20 21 5 12,1,30,,4739,1,0,20 21 5 12,1
6501,'17',700,,4833,1,0,11 2 5 12,1,30,,4804,1,0,11 2 5 12,1,10,,4798,1,0,13 2 14 15 16 17,1,7,,4814,1,0,18 2 19 16 17,1,53,,4799,1,0,11 2 5 12,1,9,,4819,1,0,13 2 14 15 16 17,1,6,,4791,1,0,18 2 19 16 17,1,15,,4823,1,0,11 2 5 12,1,10,,4797,1,0,13 2 14 15 16 17,1,7,,4800,1,0,18 2 19 16 17,1,53,,4815,1,0,11 2 5 12,1,9,,4807,1,0,13 2 14 15 16 17,1,6,,232,1,0,18 2 19 16 17,1,15,,4837,1,0,11 2 5 12,1,10,,4822,1,0,13 2 14 15 16 17,1,60,,4816,1,0,11 2 5 12,1,30,,1801,1,0,11 2 5 12,1,70,,4788,1,0,11 2 5 12,1,30,,4830,1,0,11 2 5 12,1,70,,4824,1,0,11 2 5 12,1,30,,4828,1,0,11 2 5 12,1,70,,4810,1,0,11 2 5 12,1,30,,4811,1,0,11 2 5 12,1,70,,4808,1,0,11 2 5 12,1,30,,82,1,0,11 2 5 12,1,70,,4818,1,0,13 2 14 15 16 17,1,17,,4825,1,0,18 2 19 16 17,1,13,,4809,1,0,13 2 14 15 16 17,1,17,,4796,1,0,18 2 19 16 17,1,53,,4792,1,0,13 2 14 15 16 17,1,17,,4817,1,0,18 2 19 16 17,1,13,,4803,1,0,13 2 14 15 16 17,1,17,,4832,1,0,18 2 19 16 17,1,53,,4821,1,0,13 2 14 15 16 17,1,17,,4801,1,0,18 2 19 16 17,1,13,,4790,1,0,13 2 14 15 16 17,1,17,,4813,1,0,18 2 19 16 17,1,53,,4836,1,0,13 2 14 15 16 17,1,17,,4835,1,0,18 2 19 16 17,1,13,,4802,1,0,20 21 5 12,1,70,,4820,1,0,20 21 5 12,1,30,,4827,1,0,20 21 5 12,1,70,,4831,1,0,20 21 5 12,1,30,,4795,1,0,20 21 5 12,1,70,,4829,1,0,20 21 5 12,1,30,,4793,1,0,20 21 5 12,1,70,,4812,1,0,20 21 5 12,1,30,,4789,1,0,20 21 5 12,1
6501,'19',700,,4888,1,0,11 2 5 12,1,30,,4857,1,0,11 2 5 12,1,10,,4849,1,0,13 2 14 15 16 17,1,7,,4867,1,0,18 2 19 16 17,1,53,,4850,1,0,11 2 5 12,1,9,,4872,1,0,13 2 14 15 16 17,1,6,,4841,1,0,18 2 19 16 17,1,15,,4876,1,0,11 2 5 12,1,10,,4848,1,0,13 2 14 15 16 17,1,7,,4851,1,0,18 2 19 16 17,1,53,,4868,1,0,11 2 5 12,1,9,,4860,1,0,13 2 14 15 16 17,1,6,,4846,1,0,18 2 19 16 17,1,15,,4892,1,0,11 2 5 12,1,10,,4875,1,0,13 2 14 15 16 17,1,60,,4869,1,0,11 2 5 12,1,30,,4864,1,0,11 2 5 12,1,70,,4839,1,0,11 2 5 12,1,30,,4883,1,0,11 2 5 12,1,70,,4877,1,0,11 2 5 12,1,30,,4881,1,0,11 2 5 12,1,70,,4862,1,0,11 2 5 12,1,30,,4863,1,0,11 2 5 12,1,70,,4861,1,0,11 2 5 12,1,30,,4855,1,0,11 2 5 12,1,70,,4871,1,0,13 2 14 15 16 17,1,17,,4878,1,0,18 2 19 16 17,1,13,,4884,1,0,13 2 14 15 16 17,1,17,,4847,1,0,18 2 19 16 17,1,53,,4842,1,0,13 2 14 15 16 17,1,17,,4870,1,0,18 2 19 16 17,1,13,,4854,1,0,13 2 14 15 16 17,1,17,,4887,1,0,18 2 19 16 17,1,53,,4874,1,0,13 2 14 15 16 17,1,17,,4852,1,0,18 2 19 16 17,1,13,,4838,1,0,13 2 14 15 16 17,1,17,,4866,1,0,18 2 19 16 17,1,53,,4891,1,0,13 2 14 15 16 17,1,17,,4890,1,0,18 2 19 16 17,1,13,,4853,1,0,20 21 5 12,1,70,,4873,1,0,20 21 5 12,1,30,,4880,1,0,20 21 5 12,1,70,,4886,1,0,20 21 5 12,1,30,,4845,1,0,20 21 5 12,1,70,,4882,1,0,20 21 5 12,1,30,,4843,1,0,20 21 5 12,1,70,,4865,1,0,20 21 5 12,1,30,,4840,1,0,20 21 5 12,1
6501,'21',700,,4905,1,0,20 21 5 12,1,100,,4895,1,0,20 21 5 12,1,100,,4897,1,0,20 21 5 12,1,100,,4894,1,0,20 21 5 12,1,100,,4898,1,0,20 21 5 12,1,100,,4903,1,0,20 21 5 12,1,100,,4901,1,0,20 21 5 12,1,100,,4902,1,0,20 21 5 12,1,100,,4904,1,0,20 21 5 12,1,100,,4907,1,0,20 21 5 12,1,100,,4899,1,0,20 21 5 12,1,100,,4893,1,0,20 21 5 12,1,100,,4896,1,0,20 21 5 12,1,100,,1324,1,0,20 21 5 12,1,100,,4900,1,0,20 21 5 12,1,100,,4906,1,0,20 21 5 12,1
6501,'5',700,,4953,1,0,11 2 5 12,1,30,,4924,1,0,11 2 5 12,1,10,,4918,1,0,13 2 14 15 16 17,1,7,,4934,1,0,18 2 19 16 17,1,53,,4919,1,0,11 2 5 12,1,9,,4939,1,0,13 2 14 15 16 17,1,6,,4911,1,0,18 2 19 16 17,1,15,,4943,1,0,11 2 5 12,1,10,,4917,1,0,13 2 14 15 16 17,1,7,,4920,1,0,18 2 19 16 17,1,53,,4935,1,0,11 2 5 12,1,9,,4927,1,0,13 2 14 15 16 17,1,6,,264,1,0,18 2 19 16 17,1,15,,4957,1,0,11 2 5 12,1,10,,4942,1,0,13 2 14 15 16 17,1,60,,4936,1,0,11 2 5 12,1,30,,1871,1,0,11 2 5 12,1,70,,4908,1,0,11 2 5 12,1,30,,4950,1,0,11 2 5 12,1,70,,4944,1,0,11 2 5 12,1,30,,4948,1,0,11 2 5 12,1,70,,4930,1,0,11 2 5 12,1,30,,4931,1,0,11 2 5 12,1,70,,4928,1,0,11 2 5 12,1,30,,106,1,0,11 2 5 12,1,70,,4938,1,0,13 2 14 15 16 17,1,17,,4945,1,0,18 2 19 16 17,1,13,,4929,1,0,13 2 14 15 16 17,1,17,,4916,1,0,18 2 19 16 17,1,53,,4912,1,0,13 2 14 15 16 17,1,17,,4937,1,0,18 2 19 16 17,1,13,,4923,1,0,13 2 14 15 16 17,1,17,,4952,1,0,18 2 19 16 17,1,53,,4941,1,0,13 2 14 15 16 17,1,17,,4921,1,0,18 2 19 16 17,1,13,,4910,1,0,13 2 14 15 16 17,1,17,,4933,1,0,18 2 19 16 17,1,53,,4956,1,0,13 2 14 15 16 17,1,17,,4955,1,0,18 2 19 16 17,1,13,,4922,1,0,20 21 5 12,1,70,,4940,1,0,20 21 5 12,1,30,,4947,1,0,20 21 5 12,1,70,,4951,1,0,20 21 5 12,1,30,,4915,1,0,20 21 5 12,1,70,,4949,1,0,20 21 5 12,1,30,,4913,1,0,20 21 5 12,1,70,,4932,1,0,20 21 5 12,1,30,,4909,1,0,20 21 5 12,1
6501,'6',700,,5008,1,0,11 2 5 12,1,30,,4977,1,0,11 2 5 12,1,10,,4969,1,0,13 2 14 15 16 17,1,7,,4988,1,0,18 2 19 16 17,1,53,,4970,1,0,11 2 5 12,1,9,,4993,1,0,13 2 14 15 16 17,1,6,,4961,1,0,18 2 19 16 17,1,15,,4997,1,0,11 2 5 12,1,10,,4968,1,0,13 2 14 15 16 17,1,7,,4971,1,0,18 2 19 16 17,1,53,,4989,1,0,11 2 5 12,1,9,,4980,1,0,13 2 14 15 16 17,1,6,,4966,1,0,18 2 19 16 17,1,15,,5012,1,0,11 2 5 12,1,10,,4996,1,0,13 2 14 15 16 17,1,60,,4990,1,0,11 2 5 12,1,30,,4985,1,0,11 2 5 12,1,70,,4958,1,0,11 2 5 12,1,30,,5004,1,0,11 2 5 12,1,70,,4998,1,0,11 2 5 12,1,30,,5002,1,0,11 2 5 12,1,70,,4983,1,0,11 2 5 12,1,30,,4984,1,0,11 2 5 12,1,70,,4981,1,0,11 2 5 12,1,30,,4975,1,0,11 2 5 12,1,70,,4992,1,0,13 2 14 15 16 17,1,17,,4999,1,0,18 2 19 16 17,1,13,,4982,1,0,13 2 14 15 16 17,1,17,,4967,1,0,18 2 19 16 17,1,53,,4962,1,0,13 2 14 15 16 17,1,17,,4991,1,0,18 2 19 16 17,1,13,,4974,1,0,13 2 14 15 16 17,1,17,,5007,1,0,18 2 19 16 17,1,53,,4995,1,0,13 2 14 15 16 17,1,17,,4972,1,0,18 2 19 16 17,1,13,,4960,1,0,13 2 14 15 16 17,1,17,,4987,1,0,18 2 19 16 17,1,53,,5011,1,0,13 2 14 15 16 17,1,17,,5010,1,0,18 2 19 16 17,1,13,,4973,1,0,20 21 5 12,1,70,,4994,1,0,20 21 5 12,1,30,,5001,1,0,20 21 5 12,1,70,,5006,1,0,20 21 5 12,1,30,,4965,1,0,20 21 5 12,1,70,,5003,1,0,20 21 5 12,1,30,,4963,1,0,20 21 5 12,1,70,,4986,1,0,20 21 5 12,1,30,,4959,1,0,20 21 5 12,1
7001,'10',737,,5025,8,0,2 22 7,1,100,,5022,8,0,2 22 7,1,100,,5026,8,0,2 22 7,1,100,,5028,8,0,2 22 7,1,100,,5013,8,0,2 22 7,1,100,,5020,8,0,2 22 7,1,100,,5024,8,0,2 22 7,1,100,,5023,8,0,2 22 7,1,100,,5017,8,0,2 22 7,1,100,,5016,8,0,2 22 7,1,100,,5014,8,0,2 22 7,1,100,,5027,8,0,2 22 7,1,100,,5018,8,0,2 22 7,1,100,,5019,8,0,2 22 7,1,100,,5021,8,0,2 22 7,1,100,,5015,8,0,2 22 7,1
7001,'15',737,,5053,7,0,11 2 7,1,70,,5054,7,0,11 2 7,1,30,,5058,7,0,11 2 7,1,70,,5051,7,0,11 2 7,1,30,,5029,7,0,11 2 7,1,70,,5047,7,0,11 2 7,1,30,,5052,7,0,11 2 7,1,70,,5032,7,0,11 2 7,1,30,,5040,7,0,11 2 7,1,70,,5037,7,0,11 2 7,1,30,,5041,7,0,11 2 7,1,70,,5036,7,0,11 2 7,1,30,,5046,7,0,11 2 7,1,70,,5050,7,0,11 2 7,1,30,,5039,7,0,11 2 7,1,70,,5042,7,0,11 2 7,1,30,,5030,7,0,11 2 7,1,70,,5048,7,0,11 2 7,1,30,,5031,7,0,11 2 7,1,70,,5044,7,0,11 2 7,1,30,,5057,7,0,11 2 7,1,70,,5034,7,0,11 2 7,1,30,,5038,8,0,2 22 7,1,70,,5056,8,0,2 22 7,1,30,,5043,8,0,2 22 7,1,70,,5060,8,0,2 22 7,1,30,,5059,8,0,2 22 7,1,70,,5035,8,0,2 22 7,1,30,,5045,8,0,2 22 7,1,70,,5055,8,0,2 22 7,1,30,,5033,8,0,2 22 7,1,70,,5049,8,0,2 22 7,1
7001,'16',737,,5085,7,0,11 2 7,1,70,,5086,7,0,11 2 7,1,30,,5090,7,0,11 2 7,1,70,,5083,7,0,11 2 7,1,30,,5061,7,0,11 2 7,1,70,,5079,7,0,11 2 7,1,30,,5084,7,0,11 2 7,1,70,,5064,7,0,11 2 7,1,30,,5072,7,0,11 2 7,1,70,,5069,7,0,11 2 7,1,30,,5073,7,0,11 2 7,1,70,,5068,7,0,11 2 7,1,30,,5078,7,0,11 2 7,1,70,,5082,7,0,11 2 7,1,30,,5071,7,0,11 2 7,1,70,,5074,7,0,11 2 7,1,30,,5062,7,0,11 2 7,1,70,,5080,7,0,11 2 7,1,30,,5063,7,0,11 2 7,1,70,,5076,7,0,11 2 7,1,30,,5089,7,0,11 2 7,1,70,,5066,7,0,11 2 7,1,30,,5070,8,0,2 22 7,1,70,,5088,8,0,2 22 7,1,30,,5075,8,0,2 22 7,1,70,,5092,8,0,2 22 7,1,30,,5091,8,0,2 22 7,1,70,,5067,8,0,2 22 7,1,30,,5077,8,0,2 22 7,1,70,,5087,8,0,2 22 7,1,30,,5065,8,0,2 22 7,1,70,,5081,8,0,2 22 7,1
7001,'17',737,,5117,7,0,11 2 7,1,70,,5114,7,0,11 2 7,1,30,,5121,7,0,11 2 7,1,70,,5115,7,0,11 2 7,1,30,,5093,7,0,11 2 7,1,70,,5099,7,0,11 2 7,1,30,,5116,7,0,11 2 7,1,70,,5097,7,0,11 2 7,1,30,,5105,7,0,11 2 7,1,70,,5123,7,0,11 2 7,1,30,,5106,7,0,11 2 7,1,70,,5102,7,0,11 2 7,1,30,,5111,7,0,11 2 7,1,70,,5096,7,0,11 2 7,1,30,,5104,7,0,11 2 7,1,70,,5107,7,0,11 2 7,1,30,,5094,7,0,11 2 7,1,70,,5112,7,0,11 2 7,1,30,,5095,7,0,11 2 7,1,70,,5109,7,0,11 2 7,1,30,,5120,7,0,11 2 7,1,70,,5100,7,0,11 2 7,1,30,,5103,8,0,2 22 7,1,70,,5119,8,0,2 22 7,1,30,,5108,8,0,2 22 7,1,70,,5124,8,0,2 22 7,1,30,,5122,8,0,2 22 7,1,70,,5101,8,0,2 22 7,1,30,,5110,8,0,2 22 7,1,70,,5118,8,0,2 22 7,1,30,,5098,8,0,2 22 7,1,70,,5113,8,0,2 22 7,1
7001,'19',737,,5150,7,0,11 2 7,1,70,,5147,7,0,11 2 7,1,30,,5154,7,0,11 2 7,1,70,,5148,7,0,11 2 7,1,30,,5125,7,0,11 2 7,1,70,,5130,7,0,11 2 7,1,30,,5149,7,0,11 2 7,1,70,,5128,7,0,11 2 7,1,30,,5137,7,0,11 2 7,1,70,,5134,7,0,11 2 7,1,30,,5138,7,0,11 2 7,1,70,,5133,7,0,11 2 7,1,30,,5144,7,0,11 2 7,1,70,,5139,7,0,11 2 7,1,30,,5136,7,0,11 2 7,1,70,,5140,7,0,11 2 7,1,30,,5126,7,0,11 2 7,1,70,,5145,7,0,11 2 7,1,30,,5127,7,0,11 2 7,1,70,,5142,7,0,11 2 7,1,30,,5153,7,0,11 2 7,1,70,,5131,7,0,11 2 7,1,30,,5135,8,0,2 22 7,1,70,,5152,8,0,2 22 7,1,30,,5141,8,0,2 22 7,1,70,,5156,8,0,2 22 7,1,30,,5155,8,0,2 22 7,1,70,,5132,8,0,2 22 7,1,30,,5143,8,0,2 22 7,1,70,,5151,8,0,2 22 7,1,30,,5129,8,0,2 22 7,1,70,,5146,8,0,2 22 7,1
7001,'21',737,,5167,8,0,2 22 7,1,100,,1328,8,0,2 22 7,1,100,,5168,8,0,2 22 7,1,100,,5170,8,0,2 22 7,1,100,,5157,8,0,2 22 7,1,100,,5163,8,0,2 22 7,1,100,,5166,8,0,2 22 7,1,100,,5165,8,0,2 22 7,1,100,,5160,8,0,2 22 7,1,100,,5159,8,0,2 22 7,1,100,,5158,8,0,2 22 7,1,100,,5169,8,0,2 22 7,1,100,,5161,8,0,2 22 7,1,100,,5162,8,0,2 22 7,1,100,,5164,8,0,2 22 7,1,100,,1991,8,0,2 22 7,1
7001,'5',737,,5195,7,0,11 2 7,1,70,,5196,7,0,11 2 7,1,30,,5200,7,0,11 2 7,1,70,,5193,7,0,11 2 7,1,30,,5171,7,0,11 2 7,1,70,,5189,7,0,11 2 7,1,30,,5194,7,0,11 2 7,1,70,,5174,7,0,11 2 7,1,30,,5182,7,0,11 2 7,1,70,,5179,7,0,11 2 7,1,30,,5183,7,0,11 2 7,1,70,,5178,7,0,11 2 7,1,30,,5188,7,0,11 2 7,1,70,,5192,7,0,11 2 7,1,30,,5181,7,0,11 2 7,1,70,,5184,7,0,11 2 7,1,30,,5172,7,0,11 2 7,1,70,,5190,7,0,11 2 7,1,30,,5173,7,0,11 2 7,1,70,,5186,7,0,11 2 7,1,30,,5199,7,0,11 2 7,1,70,,5176,7,0,11 2 7,1,30,,5180,8,0,2 22 7,1,70,,5198,8,0,2 22 7,1,30,,5185,8,0,2 22 7,1,70,,5202,8,0,2 22 7,1,30,,5201,8,0,2 22 7,1,70,,5177,8,0,2 22 7,1,30,,5187,8,0,2 22 7,1,70,,5197,8,0,2 22 7,1,30,,5175,8,0,2 22 7,1,70,,5191,8,0,2 22 7,1
7001,'6',737,,5228,7,0,11 2 7,1,70,,5225,7,0,11 2 7,1,30,,5232,7,0,11 2 7,1,70,,5226,7,0,11 2 7,1,30,,5203,7,0,11 2 7,1,70,,5208,7,0,11 2 7,1,30,,5227,7,0,11 2 7,1,70,,5206,7,0,11 2 7,1,30,,5216,7,0,11 2 7,1,70,,5214,7,0,11 2 7,1,30,,5217,7,0,11 2 7,1,70,,5211,7,0,11 2 7,1,30,,5222,7,0,11 2 7,1,70,,5212,7,0,11 2 7,1,30,,5215,7,0,11 2 7,1,70,,5218,7,0,11 2 7,1,30,,5204,7,0,11 2 7,1,70,,5223,7,0,11 2 7,1,30,,5205,7,0,11 2 7,1,70,,5220,7,0,11 2 7,1,30,,5231,7,0,11 2 7,1,70,,5209,7,0,11 2 7,1,30,,5213,8,0,2 22 7,1,70,,5230,8,0,2 22 7,1,30,,5219,8,0,2 22 7,1,70,,5234,8,0,2 22 7,1,30,,5233,8,0,2 22 7,1,70,,5210,8,0,2 22 7,1,30,,5221,8,0,2 22 7,1,70,,5229,8,0,2 22 7,1,30,,5207,8,0,2 22 7,1,70,,5224,8,0,2 22 7,1
7501,'10',714,,5240,3,0,25 24,1,100,,5248,3,0,25 24,1,100,,5250,3,0,25 24,1,100,,5238,3,0,25 24,1,100,,5245,3,0,25 24,1,100,,5243,3,0,25 24,1,100,,5249,3,0,25 24,1,100,,5241,3,0,25 24,1,100,,5246,3,0,25 24,1,100,,5242,3,0,25 24,1,100,,5239,3,0,25 24,1,100,,5235,3,0,25 24,1,100,,5244,3,0,25 24,1,100,,5236,3,0,25 24,1,100,,5247,3,0,25 24,1,100,,5237,3,0,25 24,1
7501,'15',714,,5277,2,0,11 2 23 24,1,30,,5260,2,0,11 2 23 24,1,70,,5253,2,0,11 2 23 24,1,30,,5273,2,0,11 2 23 24,1,70,,5264,2,0,11 2 23 24,1,30,,5258,2,0,11 2 23 24,1,70,,5254,2,0,11 2 23 24,1,30,,5276,2,0,11 2 23 24,1,70,,5256,2,0,11 2 23 24,1,30,,5268,2,0,11 2 23 24,1,70,,5275,2,0,11 2 23 24,1,30,,5265,2,0,11 2 23 24,1,70,,5263,2,0,11 2 23 24,1,30,,5279,2,0,11 2 23 24,1,70,,5271,2,0,11 2 23 24,1,30,,5278,2,0,11 2 23 24,1,70,,5251,2,0,11 2 23 24,1,30,,5266,2,0,11 2 23 24,1,70,,5257,2,0,11 2 23 24,1,30,,5261,2,0,11 2 23 24,1,70,,5267,2,0,11 2 23 24,1,30,,5282,2,0,11 2 23 24,1,70,,5272,3,0,25 24,1,30,,5255,3,0,25 24,1,70,,5269,3,0,25 24,1,30,,5259,3,0,25 24,1,70,,5280,3,0,25 24,1,30,,5270,3,0,25 24,1,70,,5262,3,0,25 24,1,30,,5281,3,0,25 24,1,70,,5274,3,0,25 24,1,30,,5252,3,0,25 24,1
7501,'16',714,,5308,2,0,11 2 23 24,1,30,,5292,2,0,11 2 23 24,1,70,,5285,2,0,11 2 23 24,1,30,,1519,2,0,11 2 23 24,1,70,,5296,2,0,11 2 23 24,1,30,,5290,2,0,11 2 23 24,1,70,,5286,2,0,11 2 23 24,1,30,,5307,2,0,11 2 23 24,1,70,,5288,2,0,11 2 23 24,1,30,,5300,2,0,11 2 23 24,1,70,,5306,2,0,11 2 23 24,1,30,,5297,2,0,11 2 23 24,1,70,,5295,2,0,11 2 23 24,1,30,,5310,2,0,11 2 23 24,1,70,,5303,2,0,11 2 23 24,1,30,,5309,2,0,11 2 23 24,1,70,,5283,2,0,11 2 23 24,1,30,,5298,2,0,11 2 23 24,1,70,,5289,2,0,11 2 23 24,1,30,,5293,2,0,11 2 23 24,1,70,,5299,2,0,11 2 23 24,1,30,,5313,2,0,11 2 23 24,1,70,,5304,3,0,25 24,1,30,,5287,3,0,25 24,1,70,,5301,3,0,25 24,1,30,,5291,3,0,25 24,1,70,,5311,3,0,25 24,1,30,,5302,3,0,25 24,1,70,,5294,3,0,25 24,1,30,,5312,3,0,25 24,1,70,,5305,3,0,25 24,1,30,,5284,3,0,25 24,1
7501,'17',714,,5341,2,0,11 2 23 24,1,30,,5325,2,0,11 2 23 24,1,70,,5316,2,0,11 2 23 24,1,30,,5338,2,0,11 2 23 24,1,70,,5330,2,0,11 2 23 24,1,30,,5323,2,0,11 2 23 24,1,70,,5318,2,0,11 2 23 24,1,30,,5317,2,0,11 2 23 24,1,70,,5320,2,0,11 2 23 24,1,30,,5333,2,0,11 2 23 24,1,70,,5340,2,0,11 2 23 24,1,30,,5327,2,0,11 2 23 24,1,70,,5329,2,0,11 2 23 24,1,30,,5342,2,0,11 2 23 24,1,70,,5336,2,0,11 2 23 24,1,30,,5322,2,0,11 2 23 24,1,70,,5314,2,0,11 2 23 24,1,30,,5331,2,0,11 2 23 24,1,70,,5321,2,0,11 2 23 24,1,30,,5326,2,0,11 2 23 24,1,70,,5332,2,0,11 2 23 24,1,30,,5345,2,0,11 2 23 24,1,70,,5337,3,0,25 24,1,30,,5319,3,0,25 24,1,70,,5334,3,0,25 24,1,30,,5324,3,0,25 24,1,70,,5343,3,0,25 24,1,30,,5335,3,0,25 24,1,70,,5328,3,0,25 24,1,30,,5344,3,0,25 24,1,70,,5339,3,0,25 24,1,30,,5315,3,0,25 24,1
7501,'19',714,,5372,2,0,11 2 23 24,1,30,,5357,2,0,11 2 23 24,1,70,,5348,2,0,11 2 23 24,1,30,,5369,2,0,11 2 23 24,1,70,,5361,2,0,11 2 23 24,1,30,,5355,2,0,11 2 23 24,1,70,,5350,2,0,11 2 23 24,1,30,,5349,2,0,11 2 23 24,1,70,,5352,2,0,11 2 23 24,1,30,,5364,2,0,11 2 23 24,1,70,,5371,2,0,11 2 23 24,1,30,,5377,2,0,11 2 23 24,1,70,,5360,2,0,11 2 23 24,1,30,,5373,2,0,11 2 23 24,1,70,,5367,2,0,11 2 23 24,1,30,,5354,2,0,11 2 23 24,1,70,,5346,2,0,11 2 23 24,1,30,,5362,2,0,11 2 23 24,1,70,,5353,2,0,11 2 23 24,1,30,,5358,2,0,11 2 23 24,1,70,,5363,2,0,11 2 23 24,1,30,,5376,2,0,11 2 23 24,1,70,,5368,3,0,25 24,1,30,,5351,3,0,25 24,1,70,,5365,3,0,25 24,1,30,,5356,3,0,25 24,1,70,,5374,3,0,25 24,1,30,,5366,3,0,25 24,1,70,,5359,3,0,25 24,1,30,,5375,3,0,25 24,1,70,,5370,3,0,25 24,1,30,,5347,3,0,25 24,1
7501,'21',714,,5382,3,0,25 24,1,100,,5389,3,0,25 24,1,100,,5391,3,0,25 24,1,100,,5381,3,0,25 24,1,100,,1409,3,0,25 24,1,100,,5385,3,0,25 24,1,100,,5390,3,0,25 24,1,100,,5383,3,0,25 24,1,100,,5387,3,0,25 24,1,100,,5384,3,0,25 24,1,100,,1152,3,0,25 24,1,100,,5378,3,0,25 24,1,100,,5386,3,0,25 24,1,100,,5379,3,0,25 24,1,100,,5388,3,0,25 24,1,100,,5380,3,0,25 24,1
7501,'5',714,,5417,2,0,11 2 23 24,1,30,,5401,2,0,11 2 23 24,1,70,,5394,2,0,11 2 23 24,1,30,,1641,2,0,11 2 23 24,1,70,,5405,2,0,11 2 23 24,1,30,,5399,2,0,11 2 23 24,1,70,,5395,2,0,11 2 23 24,1,30,,5416,2,0,11 2 23 24,1,70,,5397,2,0,11 2 23 24,1,30,,5409,2,0,11 2 23 24,1,70,,5415,2,0,11 2 23 24,1,30,,5406,2,0,11 2 23 24,1,70,,5404,2,0,11 2 23 24,1,30,,5419,2,0,11 2 23 24,1,70,,5412,2,0,11 2 23 24,1,30,,5418,2,0,11 2 23 24,1,70,,5392,2,0,11 2 23 24,1,30,,5407,2,0,11 2 23 24,1,70,,5398,2,0,11 2 23 24,1,30,,5402,2,0,11 2 23 24,1,70,,5408,2,0,11 2 23 24,1,30,,5422,2,0,11 2 23 24,1,70,,5413,3,0,25 24,1,30,,5396,3,0,25 24,1,70,,5410,3,0,25 24,1,30,,5400,3,0,25 24,1,70,,5420,3,0,25 24,1,30,,5411,3,0,25 24,1,70,,5403,3,0,25 24,1,30,,5421,3,0,25 24,1,70,,5414,3,0,25 24,1,30,,5393,3,0,25 24,1
7501,'6',714,,5449,2,0,11 2 23 24,1,30,,5434,2,0,11 2 23 24,1,70,,5425,2,0,11 2 23 24,1,30,,5446,2,0,11 2 23 24,1,70,,5438,2,0,11 2 23 24,1,30,,5432,2,0,11 2 23 24,1,70,,5427,2,0,11 2 23 24,1,30,,5426,2,0,11 2 23 24,1,70,,5429,2,0,11 2 23 24,1,30,,5441,2,0,11 2 23 24,1,70,,5448,2,0,11 2 23 24,1,30,,5431,2,0,11 2 23 24,1,70,,5437,2,0,11 2 23 24,1,30,,5450,2,0,11 2 23 24,1,70,,5444,2,0,11 2 23 24,1,30,,5454,2,0,11 2 23 24,1,70,,5423,2,0,11 2 23 24,1,30,,5439,2,0,11 2 23 24,1,70,,5430,2,0,11 2 23 24,1,30,,5435,2,0,11 2 23 24,1,70,,5440,2,0,11 2 23 24,1,30,,5453,2,0,11 2 23 24,1,70,,5445,3,0,25 24,1,30,,5428,3,0,25 24,1,70,,5442,3,0,25 24,1,30,,5433,3,0,25 24,1,70,,5451,3,0,25 24,1,30,,5443,3,0,25 24,1,70,,5436,3,0,25 24,1,30,,5452,3,0,25 24,1,70,,5447,3,0,25 24,1,30,,5424,3,0,25 24,1
