6001,'15',705,,5451,0,15 2 7 8 19,1,30,,5481,0,15 2 7 8 19,1,70,,5460,0,15 2 7 8 19,1,30,,5486,0,15 2 7 8 19,1
6001,'16',705,,5504,0,15 2 7 8 19,1,30,,5532,0,15 2 7 8 19,1,70,,5512,0,15 2 7 8 19,1,30,,5536,0,15 2 7 8 19,1
6001,'17',705,,5554,0,15 2 7 8 19,1,30,,5582,0,15 2 7 8 19,1,70,,5562,0,15 2 7 8 19,1,30,,5586,0,15 2 7 8 19,1
6001,'19',705,,5604,0,15 2 7 8 19,1,30,,5634,0,15 2 7 8 19,1,70,,5613,0,15 2 7 8 19,1,30,,5639,0,15 2 7 8 19,1
6001,'5',705,,5673,0,15 2 7 8 19,1,30,,5701,0,15 2 7 8 19,1,70,,5681,0,15 2 7 8 19,1,30,,5705,0,15 2 7 8 19,1
6001,'6',705,,5723,0,15 2 7 8 19,1,30,,5753,0,15 2 7 8 19,1,70,,5732,0,15 2 7 8 19,1,30,,5758,0,15 2 7 8 19,1
6501,'15',800,,5802,4,,1,35,,5826,4,,1
6501,'16',800,,5856,4,,1,35,,5877,4,,1
6501,'17',800,,5906,4,,1,35,,5927,4,,1
6501,'19',800,,5957,4,,1,35,,5980,4,,1
6501,'5',800,,6026,4,,1,35,,6047,4,,1
6501,'6',800,,6077,4,,1,35,,6101,4,,1
