2200,'1',630,,5464,1,,,1,100,,5462,1,,,1,100,,5457,1,,,1,100,,5461,1,,,1,100,,5456,1,,,1,100,,5460,1,,,1,100,,5459,1,,,1,100,,5467,1,,,1,100,,5465,1,,,1,100,,5455,1,,,1,100,,5466,1,,,1,100,,5470,1,,,1,100,,5471,1,,,1,100,,5469,1,,,1,100,,5463,1,,,1,100,,5458,1,,,1,100,,5468,1,,,1
2200,'10',630,,5481,1,,,1,100,,5479,1,,,1,100,,5474,1,,,1,100,,5478,1,,,1,100,,5473,1,,,1,100,,5477,1,,,1,100,,5476,1,,,1,100,,5484,1,,,1,100,,5482,1,,,1,100,,5472,1,,,1,100,,5483,1,,,1,100,,5486,1,,,1,100,,5487,1,,,1,100,,5109,1,,,1,100,,5480,1,,,1,100,,5475,1,,,1,100,,5485,1,,,1
2200,'13',630,,5491,1,,,1,100,,5502,1,,,1,100,,5499,1,,,1,100,,5496,1,,,1,100,,5489,1,,,1,100,,5494,1,,,1,100,,5493,1,,,1,100,,5498,1,,,1,100,,5501,1,,,1,100,,5504,1,,,1,100,,5500,1,,,1,100,,5490,1,,,1,100,,5488,1,,,1,100,,5497,1,,,1,100,,5492,1,,,1,100,,5495,1,,,1,100,,5503,1,,,1
2200,'3',630,,5514,1,,,1,100,,5512,1,,,1,100,,5507,1,,,1,100,,5511,1,,,1,100,,5506,1,,,1,100,,5510,1,,,1,100,,5509,1,,,1,100,,5517,1,,,1,100,,5515,1,,,1,100,,5505,1,,,1,100,,5516,1,,,1,100,,5519,1,,,1,100,,5520,1,,,1,100,,5186,1,,,1,100,,5513,1,,,1,100,,5508,1,,,1,100,,5518,1,,,1
2201,'1',721,,5521,3,4,,1,100,,5537,3,4,,1,100,,5531,3,4,,1,100,,5526,3,4,,1,100,,5528,3,4,,1,100,,5527,3,4,,1,100,,5532,3,4,,1,100,,5522,3,4,,1,100,,5524,3,4,,1,100,,5536,3,4,,1,100,,5534,3,4,,1,100,,5533,3,4,,1,100,,5525,3,4,,1,100,,5529,3,4,,1,100,,5535,3,4,,1,100,,5530,3,4,,1,100,,5523,3,4,,1
2201,'10',721,,5538,3,4,,1,100,,2420,3,4,,1,100,,5548,3,4,,1,100,,5543,3,4,,1,100,,5545,3,4,,1,100,,5544,3,4,,1,100,,5549,3,4,,1,100,,5539,3,4,,1,100,,5541,3,4,,1,100,,5553,3,4,,1,100,,5551,3,4,,1,100,,5550,3,4,,1,100,,5542,3,4,,1,100,,5546,3,4,,1,100,,5552,3,4,,1,100,,5547,3,4,,1,100,,5540,3,4,,1
2201,'13',721,,5567,3,4,,1,100,,5555,3,4,,1,100,,5554,3,4,,1,100,,5562,3,4,,1,100,,5570,3,4,,1,100,,5563,3,4,,1,100,,5568,3,4,,1,100,,5560,3,4,,1,100,,5566,3,4,,1,100,,5558,3,4,,1,100,,5564,3,4,,1,100,,5569,3,4,,1,100,,5565,3,4,,1,100,,5559,3,4,,1,100,,5557,3,4,,1,100,,5561,3,4,,1,100,,5556,3,4,,1
2201,'3',721,,5571,3,4,,1,100,,2466,3,4,,1,100,,5581,3,4,,1,100,,5576,3,4,,1,100,,5578,3,4,,1,100,,5577,3,4,,1,100,,5582,3,4,,1,100,,5572,3,4,,1,100,,5574,3,4,,1,100,,5586,3,4,,1,100,,5584,3,4,,1,100,,5583,3,4,,1,100,,5575,3,4,,1,100,,5579,3,4,,1,100,,5585,3,4,,1,100,,5580,3,4,,1,100,,5573,3,4,,1
6001,'1',715,,6461,3,0,13 2 7 8 17,1,1,,6453,2,0,11 2 7,1,29,,6471,3,0,13 2 7 8 17,1,1,,6472,2,0,11 2 7,1,69,,6442,3,0,13 2 7 8 17,1,1,,6435,2,0,11 2 7,1,29,,6424,3,0,13 2 7 8 17,1,1,,6438,2,0,11 2 7,1,69,,6473,1,0,13 2 7 8 17,1,1,,6422,2,0,11 2 7,1,30,,6465,2,0,11 2 7,1,70,,6451,2,0,11 2 7,1,30,,6445,2,0,11 2 7,1,70,,6455,2,0,11 2 7,1,30,,6439,2,0,11 2 7,1,70,,6436,2,0,11 2 7,1,30,,6454,2,0,11 2 7,1,70,,6447,2,0,11 2 7,1,30,,6432,2,0,11 2 7,1,70,,6434,2,0,11 2 7,1,30,,6466,2,0,11 2 7,1,54,,6450,1,0,13 2 7 8 17,1,16,,6464,2,0,11 2 7,1,14,,6428,1,0,13 2 7 8 17,1,16,,6431,2,0,11 2 7,1,54,,6470,1,0,13 2 7 8 17,1,16,,6452,2,0,11 2 7,1,14,,6449,1,0,13 2 7 8 17,1,16,,6429,2,0,11 2 7,1,54,,6423,1,0,13 2 7 8 17,1,16,,6468,2,0,11 2 7,1,14,,6467,1,0,13 2 7 8 17,1,16,,6444,2,0,11 2 7,1,70,,6426,4,0,20 21 7,1,30,,6456,4,0,20 21 7,1,70,,6425,4,0,20 21 7,1,30,,6448,4,0,20 21 7,1,70,,6459,4,0,20 21 7,1,30,,6433,4,0,20 21 7,1,70,,6446,4,0,20 21 7,1,30,,6430,4,0,20 21 7,1,70,,6469,4,0,20 21 7,1,30,,6441,4,0,20 21 7,1
6001,'10',715,,6512,3,0,13 2 7 8 17,1,1,,6504,2,0,11 2 7,1,29,,6522,3,0,13 2 7 8 17,1,1,,6523,2,0,11 2 7,1,69,,6494,3,0,13 2 7 8 17,1,1,,6487,2,0,11 2 7,1,29,,6477,3,0,13 2 7 8 17,1,1,,6490,2,0,11 2 7,1,69,,6524,1,0,13 2 7 8 17,1,1,,6475,2,0,11 2 7,1,30,,6516,2,0,11 2 7,1,70,,6502,2,0,11 2 7,1,30,,6497,2,0,11 2 7,1,70,,6506,2,0,11 2 7,1,30,,6491,2,0,11 2 7,1,70,,6488,2,0,11 2 7,1,30,,6505,2,0,11 2 7,1,70,,6498,2,0,11 2 7,1,30,,6484,2,0,11 2 7,1,70,,6486,2,0,11 2 7,1,30,,6517,2,0,11 2 7,1,54,,6501,1,0,13 2 7 8 17,1,16,,6515,2,0,11 2 7,1,14,,6481,1,0,13 2 7 8 17,1,16,,2975,2,0,11 2 7,1,54,,6521,1,0,13 2 7 8 17,1,16,,6503,2,0,11 2 7,1,14,,6499,1,0,13 2 7 8 17,1,16,,6482,2,0,11 2 7,1,54,,6476,1,0,13 2 7 8 17,1,16,,6519,2,0,11 2 7,1,14,,6518,1,0,13 2 7 8 17,1,16,,6496,2,0,11 2 7,1,70,,6479,4,0,20 21 7,1,30,,6507,4,0,20 21 7,1,70,,6478,4,0,20 21 7,1,30,,6500,4,0,20 21 7,1,70,,6510,4,0,20 21 7,1,30,,6485,4,0,20 21 7,1,70,,3003,4,0,20 21 7,1,30,,6483,4,0,20 21 7,1,70,,6520,4,0,20 21 7,1,30,,6493,4,0,20 21 7,1
6001,'13',716,,6536,4,0,20 21 7,1,100,,6535,4,0,20 21 7,1,100,,6531,4,0,20 21 7,1,100,,6533,4,0,20 21 7,1,100,,6539,4,0,20 21 7,1,100,,6526,4,0,20 21 7,1,100,,6529,4,0,20 21 7,1,100,,6528,4,0,20 21 7,1,100,,6532,4,0,20 21 7,1,100,,6534,4,0,20 21 7,1,100,,6525,4,0,20 21 7,1,100,,6538,4,0,20 21 7,1,100,,6537,4,0,20 21 7,1,100,,6530,4,0,20 21 7,1,100,,4558,4,0,20 21 7,1,100,,6527,4,0,20 21 7,1
6001,'3',715,,6578,3,0,13 2 7 8 17,1,1,,6570,2,0,11 2 7,1,29,,6588,3,0,13 2 7 8 17,1,1,,6589,2,0,11 2 7,1,69,,6560,3,0,13 2 7 8 17,1,1,,6553,2,0,11 2 7,1,29,,6543,3,0,13 2 7 8 17,1,1,,6556,2,0,11 2 7,1,69,,6590,1,0,13 2 7 8 17,1,1,,6541,2,0,11 2 7,1,30,,6582,2,0,11 2 7,1,70,,6568,2,0,11 2 7,1,30,,6563,2,0,11 2 7,1,70,,6572,2,0,11 2 7,1,30,,6557,2,0,11 2 7,1,70,,6554,2,0,11 2 7,1,30,,6571,2,0,11 2 7,1,70,,6564,2,0,11 2 7,1,30,,6550,2,0,11 2 7,1,70,,6552,2,0,11 2 7,1,30,,6583,2,0,11 2 7,1,54,,6567,1,0,13 2 7 8 17,1,16,,6581,2,0,11 2 7,1,14,,6547,1,0,13 2 7 8 17,1,16,,3208,2,0,11 2 7,1,54,,6587,1,0,13 2 7 8 17,1,16,,6569,2,0,11 2 7,1,14,,6565,1,0,13 2 7 8 17,1,16,,6548,2,0,11 2 7,1,54,,6542,1,0,13 2 7 8 17,1,16,,6585,2,0,11 2 7,1,14,,6584,1,0,13 2 7 8 17,1,16,,6562,2,0,11 2 7,1,70,,6545,4,0,20 21 7,1,30,,6573,4,0,20 21 7,1,70,,6544,4,0,20 21 7,1,30,,6566,4,0,20 21 7,1,70,,6576,4,0,20 21 7,1,30,,6551,4,0,20 21 7,1,70,,3237,4,0,20 21 7,1,30,,6549,4,0,20 21 7,1,70,,6586,4,0,20 21 7,1,30,,6559,4,0,20 21 7,1
6501,'1',730,,6633,6,0,11 2 5 12,1,70,,6602,6,0,11 2 5 12,1,30,,6604,6,0,11 2 5 12,1,70,,6639,2,4,,1,30,,6636,6,0,11 2 5 12,1,1,,6613,2,4,,1,69,,6599,2,4,,1,30,,6598,6,0,11 2 5 12,1,70,,6627,6,0,11 2 5 12,1,30,,6618,6,0,11 2 5 12,1,70,,6610,6,0,11 2 5 12,1,30,,6644,6,0,11 2 5 12,1,70,,6635,6,0,11 2 5 12,1,30,,6605,6,0,11 2 5 12,1,70,,6642,6,0,11 2 5 12,1,30,,6608,6,0,11 2 5 12,1,70,,6626,6,0,11 2 5 12,1,22,,6619,2,4,,1,8,,6645,6,0,11 2 5 12,1,20,,6617,2,4,,1,50,,6637,6,0,11 2 5 12,1,22,,6591,2,4,,1,8,,6616,6,0,11 2 5 12,1,20,,6611,2,4,,1,50,,6614,6,0,11 2 5 12,1,22,,6615,2,4,,1,8,,6643,6,0,11 2 5 12,1,20,,6620,2,4,,1,50,,6629,6,0,11 2 5 12,1,22,,6595,2,4,,1,8,,6603,6,0,20 21 5 12,1,70,,6606,6,0,20 21 5 12,1,30,,6593,6,0,20 21 5 12,1,70,,6621,6,0,20 21 5 12,1,30,,6601,6,0,20 21 5 12,1,70,,6592,6,0,20 21 5 12,1,30,,6596,6,0,20 21 5 12,1,70,,6600,6,0,20 21 5 12,1,30,,6632,6,0,20 21 5 12,1,70,,6640,6,0,20 21 5 12,1
6501,'10',730,,6686,6,0,11 2 5 12,1,70,,6656,6,0,11 2 5 12,1,30,,6658,6,0,11 2 5 12,1,70,,6691,2,4,,1,30,,6689,6,0,11 2 5 12,1,1,,6667,2,4,,1,69,,6653,2,4,,1,30,,6652,6,0,11 2 5 12,1,70,,6681,6,0,11 2 5 12,1,30,,6672,6,0,11 2 5 12,1,70,,6664,6,0,11 2 5 12,1,30,,3027,6,0,11 2 5 12,1,70,,6688,6,0,11 2 5 12,1,30,,6659,6,0,11 2 5 12,1,70,,6694,6,0,11 2 5 12,1,30,,6662,6,0,11 2 5 12,1,70,,6680,6,0,11 2 5 12,1,22,,6673,2,4,,1,8,,6696,6,0,11 2 5 12,1,20,,6671,2,4,,1,50,,6690,6,0,11 2 5 12,1,22,,5314,2,4,,1,8,,6670,6,0,11 2 5 12,1,20,,6665,2,4,,1,50,,6668,6,0,11 2 5 12,1,22,,6669,2,4,,1,8,,6695,6,0,11 2 5 12,1,20,,6674,2,4,,1,50,,6682,6,0,11 2 5 12,1,22,,6649,2,4,,1,8,,6657,6,0,20 21 5 12,1,70,,6660,6,0,20 21 5 12,1,30,,6647,6,0,20 21 5 12,1,70,,6675,6,0,20 21 5 12,1,30,,6655,6,0,20 21 5 12,1,70,,6646,6,0,20 21 5 12,1,30,,6650,6,0,20 21 5 12,1,70,,6654,6,0,20 21 5 12,1,30,,6685,6,0,20 21 5 12,1,70,,6692,6,0,20 21 5 12,1
6501,'13',730,,6704,6,0,20 21 5 12,1,100,,6709,6,0,20 21 5 12,1,100,,6708,6,0,20 21 5 12,1,100,,6705,6,0,20 21 5 12,1,100,,6700,6,0,20 21 5 12,1,100,,6707,6,0,20 21 5 12,1,100,,6697,6,0,20 21 5 12,1,100,,6706,6,0,20 21 5 12,1,100,,6712,6,0,20 21 5 12,1,100,,6698,6,0,20 21 5 12,1,100,,6703,6,0,20 21 5 12,1,100,,6710,6,0,20 21 5 12,1,100,,6701,6,0,20 21 5 12,1,100,,6699,6,0,20 21 5 12,1,100,,6702,6,0,20 21 5 12,1,100,,6711,6,0,20 21 5 12,1
6501,'3',730,,6753,6,0,11 2 5 12,1,70,,6723,6,0,11 2 5 12,1,30,,6725,6,0,11 2 5 12,1,70,,6758,2,4,,1,30,,6756,6,0,11 2 5 12,1,1,,6734,2,4,,1,69,,6720,2,4,,1,30,,6719,6,0,11 2 5 12,1,70,,6748,6,0,11 2 5 12,1,30,,6739,6,0,11 2 5 12,1,70,,6731,6,0,11 2 5 12,1,30,,3262,6,0,11 2 5 12,1,70,,6755,6,0,11 2 5 12,1,30,,6726,6,0,11 2 5 12,1,70,,6761,6,0,11 2 5 12,1,30,,6729,6,0,11 2 5 12,1,70,,6747,6,0,11 2 5 12,1,22,,6740,2,4,,1,8,,6763,6,0,11 2 5 12,1,20,,6738,2,4,,1,50,,6757,6,0,11 2 5 12,1,22,,5392,2,4,,1,8,,6737,6,0,11 2 5 12,1,20,,6732,2,4,,1,50,,6735,6,0,11 2 5 12,1,22,,6736,2,4,,1,8,,6762,6,0,11 2 5 12,1,20,,6741,2,4,,1,50,,6749,6,0,11 2 5 12,1,22,,6716,2,4,,1,8,,6724,6,0,20 21 5 12,1,70,,6727,6,0,20 21 5 12,1,30,,6714,6,0,20 21 5 12,1,70,,6742,6,0,20 21 5 12,1,30,,6722,6,0,20 21 5 12,1,70,,6713,6,0,20 21 5 12,1,30,,6717,6,0,20 21 5 12,1,70,,6721,6,0,20 21 5 12,1,30,,6752,6,0,20 21 5 12,1,70,,6759,6,0,20 21 5 12,1
