4001,'10',726,,2735,4,0,20 21 29 24,1,100,,2728,4,0,20 21 29 24,1,100,,2724,4,0,20 21 29 24,1,100,,2733,4,0,20 21 29 24,1,100,,2732,4,0,20 21 29 24,1,100,,2730,4,0,20 21 29 24,1,100,,2726,4,0,20 21 29 24,1,100,,2725,4,0,20 21 29 24,1,100,,2734,4,0,20 21 29 24,1,100,,2727,4,0,20 21 29 24,1,100,,2729,4,0,20 21 29 24,1,100,,2721,4,0,20 21 29 24,1,100,,2722,4,0,20 21 29 24,1,100,,2723,4,0,20 21 29 24,1,100,,2736,4,0,20 21 29 24,1,100,,2731,4,0,20 21 29 24,1
4001,'15',726,,2821,4,0,11 2 23 24,1,100,,2808,4,0,11 2 23 24,1,100,,2807,4,0,11 2 23 24,1,100,,2785,4,0,11 2 23 24,1,100,,2786,4,0,11 2 23 24,1,100,,2774,4,0,11 2 23 24,1,100,,2742,4,0,11 2 23 24,1,100,,2755,4,0,11 2 23 24,1,100,,2757,4,0,11 2 23 24,1,100,,2767,4,0,11 2 23 24,1,100,,2747,4,0,11 2 23 24,1,100,,2751,4,0,20 21 29 24,1,100,,2769,4,0,20 21 29 24,1,100,,2820,4,0,20 21 29 24,1,100,,2836,4,0,20 21 29 24,1,100,,2804,4,0,20 21 29 24,1
4001,'16',726,,2928,4,0,11 2 23 24,1,100,,2916,4,0,11 2 23 24,1,100,,2915,4,0,11 2 23 24,1,100,,2894,4,0,11 2 23 24,1,100,,2895,4,0,11 2 23 24,1,100,,2883,4,0,11 2 23 24,1,100,,2852,4,0,11 2 23 24,1,100,,2864,4,0,11 2 23 24,1,100,,2866,4,0,11 2 23 24,1,100,,2876,4,0,11 2 23 24,1,100,,2856,4,0,11 2 23 24,1,100,,2860,4,0,20 21 29 24,1,100,,2878,4,0,20 21 29 24,1,100,,2927,4,0,20 21 29 24,1,100,,2943,4,0,20 21 29 24,1,100,,2912,4,0,20 21 29 24,1
4001,'17',726,,3031,4,0,11 2 23 24,1,100,,2980,4,0,11 2 23 24,1,100,,3019,4,0,11 2 23 24,1,100,,3056,4,0,11 2 23 24,1,100,,2999,4,0,11 2 23 24,1,100,,3036,4,0,11 2 23 24,1,100,,2958,4,0,11 2 23 24,1,100,,3047,4,0,11 2 23 24,1,100,,2971,4,0,11 2 23 24,1,100,,2982,4,0,11 2 23 24,1,100,,2962,4,0,11 2 23 24,1,100,,2966,4,0,20 21 29 24,1,100,,2984,4,0,20 21 29 24,1,100,,3030,4,0,20 21 29 24,1,100,,3048,4,0,20 21 29 24,1,100,,3016,4,0,20 21 29 24,1
4001,'19',726,,3142,4,0,11 2 23 24,1,100,,3087,4,0,11 2 23 24,1,100,,3129,4,0,11 2 23 24,1,100,,3166,4,0,11 2 23 24,1,100,,3107,4,0,11 2 23 24,1,100,,3121,4,0,11 2 23 24,1,100,,3064,4,0,11 2 23 24,1,100,,3101,4,0,11 2 23 24,1,100,,3078,4,0,11 2 23 24,1,100,,3089,4,0,11 2 23 24,1,100,,3069,4,0,11 2 23 24,1,100,,3073,4,0,20 21 29 24,1,100,,3091,4,0,20 21 29 24,1,100,,3141,4,0,20 21 29 24,1,100,,3157,4,0,20 21 29 24,1,100,,3126,4,0,20 21 29 24,1
4001,'21',726,,3183,4,0,20 21 29 24,1,100,,3176,4,0,20 21 29 24,1,100,,3172,4,0,20 21 29 24,1,100,,3181,4,0,20 21 29 24,1,100,,3180,4,0,20 21 29 24,1,100,,3178,4,0,20 21 29 24,1,100,,3174,4,0,20 21 29 24,1,100,,3173,4,0,20 21 29 24,1,100,,3182,4,0,20 21 29 24,1,100,,3175,4,0,20 21 29 24,1,100,,3177,4,0,20 21 29 24,1,100,,3169,4,0,20 21 29 24,1,100,,3170,4,0,20 21 29 24,1,100,,3171,4,0,20 21 29 24,1,100,,3184,4,0,20 21 29 24,1,100,,3179,4,0,20 21 29 24,1
4001,'5',726,,3266,4,0,11 2 23 24,1,100,,3254,4,0,11 2 23 24,1,100,,3253,4,0,11 2 23 24,1,100,,3232,4,0,11 2 23 24,1,100,,3233,4,0,11 2 23 24,1,100,,3221,4,0,11 2 23 24,1,100,,3190,4,0,11 2 23 24,1,100,,3202,4,0,11 2 23 24,1,100,,3204,4,0,11 2 23 24,1,100,,3214,4,0,11 2 23 24,1,100,,3194,4,0,11 2 23 24,1,100,,3198,4,0,20 21 29 24,1,100,,3216,4,0,20 21 29 24,1,100,,3265,4,0,20 21 29 24,1,100,,3281,4,0,20 21 29 24,1,100,,3250,4,0,20 21 29 24,1
4001,'6',726,,3373,4,0,11 2 23 24,1,100,,3319,4,0,11 2 23 24,1,100,,3359,4,0,11 2 23 24,1,100,,3398,4,0,11 2 23 24,1,100,,3338,4,0,11 2 23 24,1,100,,3371,4,0,11 2 23 24,1,100,,3296,4,0,11 2 23 24,1,100,,3377,4,0,11 2 23 24,1,100,,3310,4,0,11 2 23 24,1,100,,3321,4,0,11 2 23 24,1,100,,3301,4,0,11 2 23 24,1,100,,3305,4,0,20 21 29 24,1,100,,3323,4,0,20 21 29 24,1,100,,3372,4,0,20 21 29 24,1,100,,3389,4,0,20 21 29 24,1,100,,3356,4,0,20 21 29 24,1
4501,'10',726,,3413,4,0,20 21 30 12,1,100,,3402,4,0,20 21 30 12,1,100,,3407,4,0,20 21 30 12,1,100,,3408,4,0,20 21 30 12,1,100,,3415,4,0,20 21 30 12,1,100,,3411,4,0,20 21 30 12,1,100,,3412,4,0,20 21 30 12,1,100,,3405,4,0,20 21 30 12,1,100,,3410,4,0,20 21 30 12,1,100,,3414,4,0,20 21 30 12,1,100,,3404,4,0,20 21 30 12,1,100,,3416,4,0,20 21 30 12,1,100,,3409,4,0,20 21 30 12,1,100,,3403,4,0,20 21 30 12,1,100,,3406,4,0,20 21 30 12,1,100,,3401,4,0,20 21 30 12,1
4501,'15',726,,3516,2,0,11 2 5 12,1,100,,3443,2,0,11 2 5 12,1,100,,3494,2,0,11 2 5 12,1,100,,3514,2,0,11 2 5 12,1,100,,3458,2,0,11 2 5 12,1,100,,3483,2,0,11 2 5 12,1,100,,3429,2,0,11 2 5 12,1,100,,3515,2,0,11 2 5 12,1,100,,3435,2,0,11 2 5 12,1,100,,3467,2,0,11 2 5 12,1,100,,3506,2,0,11 2 5 12,1,100,,3497,4,0,20 21 30 12,1,100,,3430,4,0,20 21 30 12,1,100,,3427,4,0,20 21 30 12,1,100,,3477,4,0,20 21 30 12,1,100,,3438,4,0,20 21 30 12,1
4501,'16',726,,3620,2,0,11 2 5 12,1,100,,3552,2,0,11 2 5 12,1,100,,3598,2,0,11 2 5 12,1,100,,3618,2,0,11 2 5 12,1,100,,3566,2,0,11 2 5 12,1,100,,551,2,0,11 2 5 12,1,100,,3539,2,0,11 2 5 12,1,100,,3619,2,0,11 2 5 12,1,100,,3545,2,0,11 2 5 12,1,100,,3574,2,0,11 2 5 12,1,100,,3610,2,0,11 2 5 12,1,100,,3601,4,0,20 21 30 12,1,100,,3540,4,0,20 21 30 12,1,100,,3537,4,0,20 21 30 12,1,100,,1002,4,0,20 21 30 12,1,100,,3548,4,0,20 21 30 12,1
4501,'17',726,,659,2,0,11 2 5 12,1,100,,3655,2,0,11 2 5 12,1,100,,3682,2,0,11 2 5 12,1,100,,3721,2,0,11 2 5 12,1,100,,3644,2,0,11 2 5 12,1,100,,660,2,0,11 2 5 12,1,100,,3691,2,0,11 2 5 12,1,100,,3722,2,0,11 2 5 12,1,100,,3648,2,0,11 2 5 12,1,100,,3676,2,0,11 2 5 12,1,100,,3713,2,0,11 2 5 12,1,100,,3704,4,0,20 21 30 12,1,100,,3642,4,0,20 21 30 12,1,100,,1041,4,0,20 21 30 12,1,100,,1113,4,0,20 21 30 12,1,100,,3651,4,0,20 21 30 12,1
4501,'19',726,,3800,2,0,11 2 5 12,1,100,,3760,2,0,11 2 5 12,1,100,,3790,2,0,11 2 5 12,1,100,,3831,2,0,11 2 5 12,1,100,,3743,2,0,11 2 5 12,1,100,,3801,2,0,11 2 5 12,1,100,,3759,2,0,11 2 5 12,1,100,,3832,2,0,11 2 5 12,1,100,,3751,2,0,11 2 5 12,1,100,,3783,2,0,11 2 5 12,1,100,,3823,2,0,11 2 5 12,1,100,,3814,4,0,20 21 30 12,1,100,,3746,4,0,20 21 30 12,1,100,,3744,4,0,20 21 30 12,1,100,,3794,4,0,20 21 30 12,1,100,,3754,4,0,20 21 30 12,1
4501,'21',726,,3855,4,0,20 21 30 12,1,100,,3844,4,0,20 21 30 12,1,100,,3849,4,0,20 21 30 12,1,100,,3850,4,0,20 21 30 12,1,100,,3857,4,0,20 21 30 12,1,100,,3853,4,0,20 21 30 12,1,100,,3854,4,0,20 21 30 12,1,100,,3847,4,0,20 21 30 12,1,100,,3852,4,0,20 21 30 12,1,100,,3856,4,0,20 21 30 12,1,100,,3846,4,0,20 21 30 12,1,100,,3858,4,0,20 21 30 12,1,100,,3851,4,0,20 21 30 12,1,100,,3845,4,0,20 21 30 12,1,100,,3848,4,0,20 21 30 12,1,100,,3843,4,0,20 21 30 12,1
4501,'5',726,,3952,2,0,11 2 5 12,1,100,,3884,2,0,11 2 5 12,1,100,,3930,2,0,11 2 5 12,1,100,,3950,2,0,11 2 5 12,1,100,,3898,2,0,11 2 5 12,1,100,,787,2,0,11 2 5 12,1,100,,3871,2,0,11 2 5 12,1,100,,3951,2,0,11 2 5 12,1,100,,3877,2,0,11 2 5 12,1,100,,3906,2,0,11 2 5 12,1,100,,3942,2,0,11 2 5 12,1,100,,3933,4,0,20 21 30 12,1,100,,3872,4,0,20 21 30 12,1,100,,3869,4,0,20 21 30 12,1,100,,1238,4,0,20 21 30 12,1,100,,3880,4,0,20 21 30 12,1
4501,'6',726,,4029,2,0,11 2 5 12,1,100,,3989,2,0,11 2 5 12,1,100,,4019,2,0,11 2 5 12,1,100,,4061,2,0,11 2 5 12,1,100,,3971,2,0,11 2 5 12,1,100,,4030,2,0,11 2 5 12,1,100,,4040,2,0,11 2 5 12,1,100,,4062,2,0,11 2 5 12,1,100,,3981,2,0,11 2 5 12,1,100,,4012,2,0,11 2 5 12,1,100,,4053,2,0,11 2 5 12,1,100,,4044,4,0,20 21 30 12,1,100,,3976,4,0,20 21 30 12,1,100,,3974,4,0,20 21 30 12,1,100,,4023,4,0,20 21 30 12,1,100,,3984,4,0,20 21 30 12,1
