2500,'10',725,,3472,4,,1,100,,3476,4,,1,100,,3477,4,,1,100,,3470,4,,1,100,,3479,4,,1,100,,3482,4,,1,100,,3481,4,,1,100,,3478,4,,1,100,,3469,4,,1,100,,3473,4,,1,100,,3474,4,,1,100,,3475,4,,1,100,,3471,4,,1,100,,3483,4,,1,100,,3484,4,,1,100,,3480,4,,1
2500,'15',725,,3486,4,,1,100,,3489,4,,1,100,,3498,4,,1,100,,3490,4,,1,100,,3494,4,,1,100,,3488,4,,1,100,,3485,4,,1,100,,3499,4,,1,100,,3497,4,,1,100,,3496,4,,1,100,,3492,4,,1,100,,3500,4,,1,100,,3491,4,,1,100,,3495,4,,1,100,,3487,4,,1,100,,3493,4,,1
2500,'16',725,,3502,4,,1,100,,3505,4,,1,100,,3513,4,,1,100,,3053,4,,1,100,,3509,4,,1,100,,3504,4,,1,100,,3501,4,,1,100,,3514,4,,1,100,,3512,4,,1,100,,3511,4,,1,100,,3507,4,,1,100,,3515,4,,1,100,,3506,4,,1,100,,3510,4,,1,100,,3503,4,,1,100,,3508,4,,1
2500,'17',725,,3517,4,,1,100,,3520,4,,1,100,,3528,4,,1,100,,3082,4,,1,100,,3524,4,,1,100,,3519,4,,1,100,,3516,4,,1,100,,3529,4,,1,100,,3527,4,,1,100,,3526,4,,1,100,,3522,4,,1,100,,3530,4,,1,100,,3521,4,,1,100,,3525,4,,1,100,,3518,4,,1,100,,3523,4,,1
2500,'19',725,,3532,4,,1,100,,3535,4,,1,100,,3544,4,,1,100,,3536,4,,1,100,,3540,4,,1,100,,3534,4,,1,100,,3531,4,,1,100,,3545,4,,1,100,,3543,4,,1,100,,3542,4,,1,100,,3538,4,,1,100,,3546,4,,1,100,,3537,4,,1,100,,3541,4,,1,100,,3533,4,,1,100,,3539,4,,1
2500,'21',725,,3550,4,,1,100,,3554,4,,1,100,,3555,4,,1,100,,3548,4,,1,100,,3556,4,,1,100,,3559,4,,1,100,,3558,4,,1,100,,3257,4,,1,100,,3547,4,,1,100,,3551,4,,1,100,,3552,4,,1,100,,3553,4,,1,100,,3549,4,,1,100,,3560,4,,1,100,,3561,4,,1,100,,3557,4,,1
2500,'5',725,,3563,4,,1,100,,3566,4,,1,100,,3574,4,,1,100,,3130,4,,1,100,,3570,4,,1,100,,3565,4,,1,100,,3562,4,,1,100,,3575,4,,1,100,,3573,4,,1,100,,3572,4,,1,100,,3568,4,,1,100,,3576,4,,1,100,,3567,4,,1,100,,3571,4,,1,100,,3564,4,,1,100,,3569,4,,1
2500,'6',725,,3578,4,,1,100,,3581,4,,1,100,,3590,4,,1,100,,3582,4,,1,100,,3586,4,,1,100,,3580,4,,1,100,,3577,4,,1,100,,3591,4,,1,100,,3589,4,,1,100,,3588,4,,1,100,,3584,4,,1,100,,3592,4,,1,100,,3583,4,,1,100,,3587,4,,1,100,,3579,4,,1,100,,3585,4,,1
2501,'10',630,,3594,0,26 27 28,1,100,,3597,0,26 27 28,1,100,,3601,0,26 27 28,1,100,,3599,0,26 27 28,1,100,,3598,0,26 27 28,1,100,,3605,0,26 27 28,1,100,,3596,0,26 27 28,1,100,,3593,0,26 27 28,1,100,,3604,0,26 27 28,1,100,,3595,0,26 27 28,1,100,,3603,0,26 27 28,1,100,,3608,0,26 27 28,1,100,,3607,0,26 27 28,1,100,,3606,0,26 27 28,1,100,,3602,0,26 27 28,1,100,,3600,0,26 27 28,1
2501,'15',630,,3623,0,26 27 28,1,100,,3621,0,26 27 28,1,100,,3619,0,26 27 28,1,100,,3609,0,26 27 28,1,100,,3618,0,26 27 28,1,100,,3620,0,26 27 28,1,100,,3613,0,26 27 28,1,100,,3610,0,26 27 28,1,100,,3614,0,26 27 28,1,100,,3624,0,26 27 28,1,100,,3616,0,26 27 28,1,100,,3617,0,26 27 28,1,100,,3611,0,26 27 28,1,100,,3612,0,26 27 28,1,100,,3615,0,26 27 28,1,100,,3622,0,26 27 28,1
2501,'16',630,,3637,0,26 27 28,1,100,,3635,0,26 27 28,1,100,,3633,0,26 27 28,1,100,,3625,0,26 27 28,1,100,,2651,0,26 27 28,1,100,,3634,0,26 27 28,1,100,,3628,0,26 27 28,1,100,,3626,0,26 27 28,1,100,,3629,0,26 27 28,1,100,,3638,0,26 27 28,1,100,,3631,0,26 27 28,1,100,,3632,0,26 27 28,1,100,,1305,0,26 27 28,1,100,,3627,0,26 27 28,1,100,,3630,0,26 27 28,1,100,,3636,0,26 27 28,1
2501,'17',630,,3651,0,26 27 28,1,100,,3649,0,26 27 28,1,100,,3647,0,26 27 28,1,100,,3639,0,26 27 28,1,100,,2700,0,26 27 28,1,100,,3648,0,26 27 28,1,100,,3642,0,26 27 28,1,100,,3640,0,26 27 28,1,100,,3643,0,26 27 28,1,100,,3652,0,26 27 28,1,100,,3645,0,26 27 28,1,100,,3646,0,26 27 28,1,100,,1320,0,26 27 28,1,100,,3641,0,26 27 28,1,100,,3644,0,26 27 28,1,100,,3650,0,26 27 28,1
2501,'19',630,,3667,0,26 27 28,1,100,,3665,0,26 27 28,1,100,,3663,0,26 27 28,1,100,,3653,0,26 27 28,1,100,,3662,0,26 27 28,1,100,,3664,0,26 27 28,1,100,,3657,0,26 27 28,1,100,,3654,0,26 27 28,1,100,,3658,0,26 27 28,1,100,,3668,0,26 27 28,1,100,,3660,0,26 27 28,1,100,,3661,0,26 27 28,1,100,,3655,0,26 27 28,1,100,,3656,0,26 27 28,1,100,,3659,0,26 27 28,1,100,,3666,0,26 27 28,1
2501,'21',630,,3670,0,26 27 28,1,100,,3673,0,26 27 28,1,100,,3677,0,26 27 28,1,100,,3675,0,26 27 28,1,100,,3674,0,26 27 28,1,100,,3681,0,26 27 28,1,100,,3672,0,26 27 28,1,100,,3669,0,26 27 28,1,100,,3680,0,26 27 28,1,100,,3671,0,26 27 28,1,100,,3679,0,26 27 28,1,100,,3684,0,26 27 28,1,100,,3683,0,26 27 28,1,100,,3682,0,26 27 28,1,100,,3678,0,26 27 28,1,100,,3676,0,26 27 28,1
2501,'5',630,,3697,0,26 27 28,1,100,,3695,0,26 27 28,1,100,,3693,0,26 27 28,1,100,,3685,0,26 27 28,1,100,,2764,0,26 27 28,1,100,,3694,0,26 27 28,1,100,,3688,0,26 27 28,1,100,,3686,0,26 27 28,1,100,,3689,0,26 27 28,1,100,,3698,0,26 27 28,1,100,,3691,0,26 27 28,1,100,,3692,0,26 27 28,1,100,,1351,0,26 27 28,1,100,,3687,0,26 27 28,1,100,,3690,0,26 27 28,1,100,,3696,0,26 27 28,1
2501,'6',630,,3713,0,26 27 28,1,100,,3711,0,26 27 28,1,100,,3709,0,26 27 28,1,100,,3699,0,26 27 28,1,100,,3708,0,26 27 28,1,100,,3710,0,26 27 28,1,100,,3703,0,26 27 28,1,100,,3700,0,26 27 28,1,100,,3704,0,26 27 28,1,100,,3714,0,26 27 28,1,100,,3706,0,26 27 28,1,100,,3707,0,26 27 28,1,100,,3701,0,26 27 28,1,100,,3702,0,26 27 28,1,100,,3705,0,26 27 28,1,100,,3712,0,26 27 28,1
