2500,'1',700,,7116,1,0,26 27 28,1,100,,7120,1,0,26 27 28,1,100,,7131,1,0,26 27 28,1,100,,7118,1,0,26 27 28,1,100,,7126,1,0,26 27 28,1,100,,7117,1,0,26 27 28,1,100,,7123,1,0,26 27 28,1,100,,7127,1,0,26 27 28,1,100,,7121,1,0,26 27 28,1,100,,7125,1,0,26 27 28,1,100,,7130,1,0,26 27 28,1,100,,7119,1,0,26 27 28,1,100,,7122,1,0,26 27 28,1,100,,7124,1,0,26 27 28,1,100,,7129,1,0,26 27 28,1,100,,7128,1,0,26 27 28,1
2500,'11',700,,7132,1,0,26 27 28,1,100,,7135,1,0,26 27 28,1,100,,7133,1,0,26 27 28,1,100,,7143,1,0,26 27 28,1,100,,7136,1,0,26 27 28,1,100,,7140,1,0,26 27 28,1,100,,7144,1,0,26 27 28,1,100,,7146,1,0,26 27 28,1,100,,7139,1,0,26 27 28,1,100,,7142,1,0,26 27 28,1,100,,7138,1,0,26 27 28,1,100,,6177,1,0,26 27 28,1,100,,7134,1,0,26 27 28,1,100,,7145,1,0,26 27 28,1,100,,7137,1,0,26 27 28,1,100,,7141,1,0,26 27 28,1
2500,'14',700,,7147,1,0,26 27 28,1,100,,7150,1,0,26 27 28,1,100,,7161,1,0,26 27 28,1,100,,6699,1,0,26 27 28,1,100,,7156,1,0,26 27 28,1,100,,7148,1,0,26 27 28,1,100,,7153,1,0,26 27 28,1,100,,7157,1,0,26 27 28,1,100,,7151,1,0,26 27 28,1,100,,7155,1,0,26 27 28,1,100,,7160,1,0,26 27 28,1,100,,7149,1,0,26 27 28,1,100,,7152,1,0,26 27 28,1,100,,7154,1,0,26 27 28,1,100,,7159,1,0,26 27 28,1,100,,7158,1,0,26 27 28,1
2500,'3',700,,7162,1,0,26 27 28,1,100,,7165,1,0,26 27 28,1,100,,7163,1,0,26 27 28,1,100,,7173,1,0,26 27 28,1,100,,7166,1,0,26 27 28,1,100,,7170,1,0,26 27 28,1,100,,7174,1,0,26 27 28,1,100,,7176,1,0,26 27 28,1,100,,7169,1,0,26 27 28,1,100,,7172,1,0,26 27 28,1,100,,7168,1,0,26 27 28,1,100,,6271,1,0,26 27 28,1,100,,7164,1,0,26 27 28,1,100,,7175,1,0,26 27 28,1,100,,7167,1,0,26 27 28,1,100,,7171,1,0,26 27 28,1
2501,'1',652,,7181,23,4,,1,100,,7177,23,4,,1,100,,7187,23,4,,1,100,,7179,23,4,,1,100,,7188,23,4,,1,100,,7183,23,4,,1,100,,7184,23,4,,1,100,,7178,23,4,,1,100,,7190,23,4,,1,100,,7185,23,4,,1,100,,7192,23,4,,1,100,,7191,23,4,,1,100,,7182,23,4,,1,100,,7180,23,4,,1,100,,7186,23,4,,1,100,,7189,23,4,,1
2501,'11',652,,7206,23,4,,1,100,,7202,23,4,,1,100,,7204,23,4,,1,100,,7198,23,4,,1,100,,7200,23,4,,1,100,,7201,23,4,,1,100,,7193,23,4,,1,100,,7207,23,4,,1,100,,7199,23,4,,1,100,,7196,23,4,,1,100,,7208,23,4,,1,100,,7197,23,4,,1,100,,7203,23,4,,1,100,,7195,23,4,,1,100,,7194,23,4,,1,100,,7205,23,4,,1
2501,'14',652,,7213,23,4,,1,100,,7209,23,4,,1,100,,7219,23,4,,1,100,,7211,23,4,,1,100,,7220,23,4,,1,100,,7215,23,4,,1,100,,7216,23,4,,1,100,,7210,23,4,,1,100,,7222,23,4,,1,100,,7217,23,4,,1,100,,7224,23,4,,1,100,,7223,23,4,,1,100,,7214,23,4,,1,100,,7212,23,4,,1,100,,7218,23,4,,1,100,,7221,23,4,,1
2501,'3',652,,7238,23,4,,1,100,,7234,23,4,,1,100,,7236,23,4,,1,100,,7230,23,4,,1,100,,7232,23,4,,1,100,,7233,23,4,,1,100,,7225,23,4,,1,100,,7239,23,4,,1,100,,7231,23,4,,1,100,,7228,23,4,,1,100,,7240,23,4,,1,100,,7229,23,4,,1,100,,7235,23,4,,1,100,,7227,23,4,,1,100,,7226,23,4,,1,100,,7237,23,4,,1
6001,'1',739,,7753,8,0,20 21 7,1,100,,7757,8,0,20 21 7,1,100,,7754,8,0,20 21 7,1,100,,7758,8,0,20 21 7,1,100,,7759,8,0,20 21 7,1,100,,7751,8,0,20 21 7,1,100,,7762,8,0,20 21 7,1,100,,7752,8,0,20 21 7,1,100,,7763,8,0,20 21 7,1,100,,7761,8,0,20 21 7,1,100,,7760,8,0,20 21 7,1,100,,7755,8,0,20 21 7,1,100,,7764,8,0,20 21 7,1,100,,7765,8,0,20 21 7,1,100,,7756,8,0,20 21 7,1,100,,7766,8,0,20 21 7,1
6001,'11',739,,7771,6,0,11 2 7,1,70,,7770,6,0,11 2 7,1,30,,7812,6,0,11 2 7,1,70,,7782,6,0,11 2 7,1,30,,7802,6,0,11 2 7,1,70,,7784,6,0,11 2 7,1,30,,7797,6,0,11 2 7,1,70,,7801,6,0,11 2 7,1,30,,7804,6,0,11 2 7,1,70,,7813,6,0,11 2 7,1,30,,7814,6,0,11 2 7,1,70,,7786,6,0,11 2 7,1,30,,7816,6,0,11 2 7,1,70,,7799,6,0,11 2 7,1,30,,7773,6,0,11 2 7,1,70,,7776,6,0,11 2 7,1,30,,7789,6,0,11 2 7,1,70,,5874,6,0,11 2 7,1,30,,7795,6,0,11 2 7,1,70,,7787,6,0,11 2 7,1,30,,7780,6,0,11 2 7,1,70,,7775,6,0,11 2 7,1,30,,7791,8,0,20 21 7,1,70,,7792,8,0,20 21 7,1,30,,5873,8,0,20 21 7,1,70,,7768,8,0,20 21 7,1,30,,7790,8,0,20 21 7,1,70,,7815,8,0,20 21 7,1,30,,7774,8,0,20 21 7,1,70,,7807,8,0,20 21 7,1,30,,7779,8,0,20 21 7,1,70,,7808,8,0,20 21 7,1
6001,'14',739,,7819,8,0,20 21 7,1,100,,7823,8,0,20 21 7,1,100,,7820,8,0,20 21 7,1,100,,7824,8,0,20 21 7,1,100,,7825,8,0,20 21 7,1,100,,7817,8,0,20 21 7,1,100,,7828,8,0,20 21 7,1,100,,7818,8,0,20 21 7,1,100,,7829,8,0,20 21 7,1,100,,7827,8,0,20 21 7,1,100,,7826,8,0,20 21 7,1,100,,7821,8,0,20 21 7,1,100,,7830,8,0,20 21 7,1,100,,7831,8,0,20 21 7,1,100,,7822,8,0,20 21 7,1,100,,7832,8,0,20 21 7,1
6001,'3',739,,7837,6,0,11 2 7,1,70,,7836,6,0,11 2 7,1,30,,7878,6,0,11 2 7,1,70,,7848,6,0,11 2 7,1,30,,7868,6,0,11 2 7,1,70,,7850,6,0,11 2 7,1,30,,7863,6,0,11 2 7,1,70,,7867,6,0,11 2 7,1,30,,7870,6,0,11 2 7,1,70,,7879,6,0,11 2 7,1,30,,7880,6,0,11 2 7,1,70,,7852,6,0,11 2 7,1,30,,7882,6,0,11 2 7,1,70,,7865,6,0,11 2 7,1,30,,7839,6,0,11 2 7,1,70,,7842,6,0,11 2 7,1,30,,7855,6,0,11 2 7,1,70,,5970,6,0,11 2 7,1,30,,7861,6,0,11 2 7,1,70,,7853,6,0,11 2 7,1,30,,7846,6,0,11 2 7,1,70,,7841,6,0,11 2 7,1,30,,7857,8,0,20 21 7,1,70,,7858,8,0,20 21 7,1,30,,5969,8,0,20 21 7,1,70,,7834,8,0,20 21 7,1,30,,7856,8,0,20 21 7,1,70,,7881,8,0,20 21 7,1,30,,7840,8,0,20 21 7,1,70,,7873,8,0,20 21 7,1,30,,7845,8,0,20 21 7,1,70,,7874,8,0,20 21 7,1
6501,'1',708,,7891,2,0,20 21 5 12,1,100,,7884,2,0,20 21 5 12,1,100,,7894,2,0,20 21 5 12,1,100,,7890,2,0,20 21 5 12,1,100,,7887,2,0,20 21 5 12,1,100,,7883,2,0,20 21 5 12,1,100,,7897,2,0,20 21 5 12,1,100,,7893,2,0,20 21 5 12,1,100,,7888,2,0,20 21 5 12,1,100,,7889,2,0,20 21 5 12,1,100,,7892,2,0,20 21 5 12,1,100,,7885,2,0,20 21 5 12,1,100,,7895,2,0,20 21 5 12,1,100,,7896,2,0,20 21 5 12,1,100,,7886,2,0,20 21 5 12,1,100,,7898,2,0,20 21 5 12,1
6501,'11',708,,7917,2,0,11 2 5 12,1,30,,7945,2,0,11 2 5 12,1,70,,7942,2,0,11 2 5 12,1,30,,7907,2,0,11 2 5 12,1,70,,7944,2,0,11 2 5 12,1,30,,7903,2,0,11 2 5 12,1,70,,7929,2,0,11 2 5 12,1,30,,7904,2,0,11 2 5 12,1,70,,7906,2,0,11 2 5 12,1,30,,7920,2,0,11 2 5 12,1,70,,7905,2,0,11 2 5 12,1,30,,7930,2,0,11 2 5 12,1,70,,7949,2,0,11 2 5 12,1,30,,7950,2,0,11 2 5 12,1,70,,7928,2,0,11 2 5 12,1,30,,7909,2,0,11 2 5 12,1,70,,7901,2,0,11 2 5 12,1,30,,7936,2,0,11 2 5 12,1,70,,7938,2,0,11 2 5 12,1,30,,7941,2,0,11 2 5 12,1,70,,7927,2,0,11 2 5 12,1,30,,7915,2,0,11 2 5 12,1,70,,7925,2,0,20 21 5 12,1,30,,6931,2,0,20 21 5 12,1,70,,7910,2,0,20 21 5 12,1,30,,7943,2,0,20 21 5 12,1,70,,7935,2,0,20 21 5 12,1,30,,7940,2,0,20 21 5 12,1,70,,7919,2,0,20 21 5 12,1,30,,7922,2,0,20 21 5 12,1,70,,7934,2,0,20 21 5 12,1,30,,7902,2,0,20 21 5 12,1
6501,'14',708,,7958,2,0,20 21 5 12,1,100,,7952,2,0,20 21 5 12,1,100,,7961,2,0,20 21 5 12,1,100,,7957,2,0,20 21 5 12,1,100,,7954,2,0,20 21 5 12,1,100,,7951,2,0,20 21 5 12,1,100,,7964,2,0,20 21 5 12,1,100,,7960,2,0,20 21 5 12,1,100,,7955,2,0,20 21 5 12,1,100,,7956,2,0,20 21 5 12,1,100,,7959,2,0,20 21 5 12,1,100,,5489,2,0,20 21 5 12,1,100,,7962,2,0,20 21 5 12,1,100,,7963,2,0,20 21 5 12,1,100,,7953,2,0,20 21 5 12,1,100,,7965,2,0,20 21 5 12,1
6501,'3',708,,7984,2,0,11 2 5 12,1,30,,8013,2,0,11 2 5 12,1,70,,8010,2,0,11 2 5 12,1,30,,7974,2,0,11 2 5 12,1,70,,8012,2,0,11 2 5 12,1,30,,7970,2,0,11 2 5 12,1,70,,7996,2,0,11 2 5 12,1,30,,7971,2,0,11 2 5 12,1,70,,7973,2,0,11 2 5 12,1,30,,7987,2,0,11 2 5 12,1,70,,7972,2,0,11 2 5 12,1,30,,7997,2,0,11 2 5 12,1,70,,8017,2,0,11 2 5 12,1,30,,8018,2,0,11 2 5 12,1,70,,7995,2,0,11 2 5 12,1,30,,7976,2,0,11 2 5 12,1,70,,7968,2,0,11 2 5 12,1,30,,8003,2,0,11 2 5 12,1,70,,8005,2,0,11 2 5 12,1,30,,8009,2,0,11 2 5 12,1,70,,7994,2,0,11 2 5 12,1,30,,7982,2,0,11 2 5 12,1,70,,7992,2,0,20 21 5 12,1,30,,8007,2,0,20 21 5 12,1,70,,7977,2,0,20 21 5 12,1,30,,8011,2,0,20 21 5 12,1,70,,8002,2,0,20 21 5 12,1,30,,8008,2,0,20 21 5 12,1,70,,7986,2,0,20 21 5 12,1,30,,7989,2,0,20 21 5 12,1,70,,8001,2,0,20 21 5 12,1,30,,7969,2,0,20 21 5 12,1
7001,'1',748,,8032,11,4,,1,100,,8019,11,4,,1,100,,8020,11,4,,1,100,,8029,11,4,,1,100,,8028,11,4,,1,100,,8033,11,4,,1,100,,8027,11,4,,1,100,,8030,11,4,,1,100,,8022,11,4,,1,100,,8023,11,4,,1,100,,8026,11,4,,1,100,,8021,11,4,,1,100,,6887,11,4,,1,100,,8025,11,4,,1,100,,8031,11,4,,1,100,,8024,11,4,,1
7001,'11',748,,8061,8,4,,1,70,,8065,8,4,,1,30,,8060,8,4,,1,70,,8058,8,4,,1,30,,8037,8,4,,1,70,,8064,8,4,,1,30,,8059,8,4,,1,70,,8053,8,4,,1,30,,8054,8,4,,1,70,,8039,8,4,,1,30,,8051,8,4,,1,70,,8045,8,4,,1,30,,8062,8,4,,1,70,,8035,8,4,,1,30,,8047,8,4,,1,70,,8036,8,4,,1,30,,8042,8,4,,1,70,,8043,8,4,,1,30,,8048,8,4,,1,70,,8044,8,4,,1,30,,8050,8,4,,1,70,,8041,8,4,,1,30,,8057,11,4,,1,70,,8052,11,4,,1,30,,8055,11,4,,1,70,,8038,11,4,,1,30,,8046,11,4,,1,70,,8034,11,4,,1,30,,8056,11,4,,1,70,,8063,11,4,,1,30,,8040,11,4,,1,70,,8049,11,4,,1
7001,'14',748,,8080,11,4,,1,100,,8066,11,4,,1,100,,8067,11,4,,1,100,,8077,11,4,,1,100,,8075,11,4,,1,100,,8081,11,4,,1,100,,8074,11,4,,1,100,,8078,11,4,,1,100,,8069,11,4,,1,100,,8070,11,4,,1,100,,8073,11,4,,1,100,,8068,11,4,,1,100,,8076,11,4,,1,100,,8072,11,4,,1,100,,8079,11,4,,1,100,,8071,11,4,,1
7001,'3',748,,8111,8,4,,1,70,,8110,8,4,,1,30,,8109,8,4,,1,70,,8107,8,4,,1,30,,8084,8,4,,1,70,,8087,8,4,,1,30,,8108,8,4,,1,70,,8102,8,4,,1,30,,8103,8,4,,1,70,,8094,8,4,,1,30,,8100,8,4,,1,70,,8093,8,4,,1,30,,8112,8,4,,1,70,,8085,8,4,,1,30,,8096,8,4,,1,70,,8083,8,4,,1,30,,8090,8,4,,1,70,,8091,8,4,,1,30,,8097,8,4,,1,70,,8092,8,4,,1,30,,8099,8,4,,1,70,,8089,8,4,,1,30,,8106,11,4,,1,70,,8101,11,4,,1,30,,8104,11,4,,1,70,,8086,11,4,,1,30,,8095,11,4,,1,70,,8082,11,4,,1,30,,8105,11,4,,1,70,,8113,11,4,,1,30,,8088,11,4,,1,70,,8098,11,4,,1
7501,'1',703,,8124,1,0,20 21 23 24,1,100,,8121,1,0,20 21 23 24,1,100,,8127,1,0,20 21 23 24,1,100,,8125,1,0,20 21 23 24,1,100,,8114,1,0,20 21 23 24,1,100,,8128,1,0,20 21 23 24,1,100,,8119,1,0,20 21 23 24,1,100,,8117,1,0,20 21 23 24,1,100,,8118,1,0,20 21 23 24,1,100,,8122,1,0,20 21 23 24,1,100,,8126,1,0,20 21 23 24,1,100,,8116,1,0,20 21 23 24,1,100,,8129,1,0,20 21 23 24,1,100,,8120,1,0,20 21 23 24,1,100,,8115,1,0,20 21 23 24,1,100,,8123,1,0,20 21 23 24,1
7501,'11',703,,8159,1,0,11 2 23 24,1,30,,5909,1,0,11 2 23 24,1,70,,8155,1,0,11 2 23 24,1,30,,8142,1,0,11 2 23 24,1,70,,8133,1,0,11 2 23 24,1,30,,8138,1,0,11 2 23 24,1,70,,8148,1,0,11 2 23 24,1,30,,8158,1,0,11 2 23 24,1,70,,8154,1,0,11 2 23 24,1,30,,8135,1,0,11 2 23 24,1,70,,8134,1,0,11 2 23 24,1,30,,8151,1,0,11 2 23 24,1,70,,8152,1,0,11 2 23 24,1,30,,8149,1,0,11 2 23 24,1,70,,8153,1,0,11 2 23 24,1,30,,8130,1,0,11 2 23 24,1,70,,8147,1,0,11 2 23 24,1,30,,8131,1,0,11 2 23 24,1,70,,8157,1,0,11 2 23 24,1,30,,8156,1,0,11 2 23 24,1,70,,8150,1,0,11 2 23 24,1,30,,8139,1,0,11 2 23 24,1,70,,8160,1,0,20 21 23 24,1,30,,8146,1,0,20 21 23 24,1,70,,8140,1,0,20 21 23 24,1,30,,8143,1,0,20 21 23 24,1,70,,8145,1,0,20 21 23 24,1,30,,8144,1,0,20 21 23 24,1,70,,8141,1,0,20 21 23 24,1,30,,8137,1,0,20 21 23 24,1,70,,8132,1,0,20 21 23 24,1,30,,8136,1,0,20 21 23 24,1
7501,'14',703,,8171,1,0,20 21 23 24,1,100,,8168,1,0,20 21 23 24,1,100,,8174,1,0,20 21 23 24,1,100,,8172,1,0,20 21 23 24,1,100,,8161,1,0,20 21 23 24,1,100,,8175,1,0,20 21 23 24,1,100,,8166,1,0,20 21 23 24,1,100,,8164,1,0,20 21 23 24,1,100,,8165,1,0,20 21 23 24,1,100,,8169,1,0,20 21 23 24,1,100,,8173,1,0,20 21 23 24,1,100,,8163,1,0,20 21 23 24,1,100,,8176,1,0,20 21 23 24,1,100,,8167,1,0,20 21 23 24,1,100,,8162,1,0,20 21 23 24,1,100,,8170,1,0,20 21 23 24,1
7501,'3',703,,8206,1,0,11 2 23 24,1,30,,6005,1,0,11 2 23 24,1,70,,8203,1,0,11 2 23 24,1,30,,8179,1,0,11 2 23 24,1,70,,8181,1,0,11 2 23 24,1,30,,8186,1,0,11 2 23 24,1,70,,8197,1,0,11 2 23 24,1,30,,8191,1,0,11 2 23 24,1,70,,8202,1,0,11 2 23 24,1,30,,8183,1,0,11 2 23 24,1,70,,8182,1,0,11 2 23 24,1,30,,8180,1,0,11 2 23 24,1,70,,8200,1,0,11 2 23 24,1,30,,8198,1,0,11 2 23 24,1,70,,8201,1,0,11 2 23 24,1,30,,8188,1,0,11 2 23 24,1,70,,8196,1,0,11 2 23 24,1,30,,8177,1,0,11 2 23 24,1,70,,8205,1,0,11 2 23 24,1,30,,8204,1,0,11 2 23 24,1,70,,8199,1,0,11 2 23 24,1,30,,8187,1,0,11 2 23 24,1,70,,8207,1,0,20 21 23 24,1,30,,8195,1,0,20 21 23 24,1,70,,8189,1,0,20 21 23 24,1,30,,8192,1,0,20 21 23 24,1,70,,8194,1,0,20 21 23 24,1,30,,8193,1,0,20 21 23 24,1,70,,8190,1,0,20 21 23 24,1,30,,8185,1,0,20 21 23 24,1,70,,8178,1,0,20 21 23 24,1,30,,8184,1,0,20 21 23 24,1
