2200,3011,1,0
2200,3532,2,0
2200,2900,3,1
2201,2900,1,0
2201,3532,2,0
2201,3011,3,1
2500,3733,1,0
2500,3958,2,0
2500,3959,3,0
2500,3960,4,0
2500,3961,5,0
2500,3962,6,0
2500,3964,7,0
2500,3965,8,0
2500,3807,9,0
2500,3748,10,0
2500,3738,11,0
2500,3751,12,0
2500,3752,13,0
2500,3740,14,0
2500,4033,15,0
2500,4131,16,0
2500,4132,17,0
2500,3769,18,0
2500,3734,19,1
2501,3734,1,0
2501,3744,2,0
2501,3758,3,0
2501,3759,4,0
2501,3760,5,0
2501,3761,6,0
2501,3745,7,0
2501,3768,8,0
2501,3736,9,0
2501,3746,10,0
2501,3803,11,0
2501,4034,12,0
2501,4032,13,0
2501,3843,14,0
2501,3844,15,0
2501,3846,16,0
2501,3847,17,0
2501,3848,18,0
2501,3849,19,0
2501,3850,20,0
2501,3851,21,0
2501,3852,22,0
2501,3733,23,1
4001,2887,1,0
4001,3216,2,0
4001,2628,3,0
4001,2681,4,0
4001,2623,5,0
4001,426,6,0
4001,2622,7,1
4501,2622,1,0
4501,377,2,0
4501,2623,3,0
4501,2681,4,0
4501,2628,5,0
4501,3225,6,0
4501,2887,7,1
5001,2887,1,0
5001,3216,2,0
5001,3169,3,0
5001,3527,4,0
5001,1322,5,0
5001,2620,6,0
5001,875,7,0
5001,2612,8,0
5001,707,9,0
5001,1462,10,0
5001,2660,11,0
5001,2622,12,1
5501,2622,1,0
5501,2660,2,0
5501,875,3,0
5501,2612,4,0
5501,707,5,0
5501,1462,6,0
5501,1322,7,0
5501,2620,8,0
5501,3528,9,0
5501,3525,10,0
5501,3225,11,0
5501,2887,12,1
6001,2887,1,0
6001,3216,2,0
6001,3005,3,0
6001,3526,4,0
6001,3011,5,0
6001,3532,6,0
6001,3533,7,0
6001,3530,8,0
6001,3733,9,0
6001,2689,10,1
6501,2689,1,0
6501,3733,2,0
6501,3531,3,0
6501,3534,4,0
6501,3532,5,0
6501,3011,6,0
6501,3529,7,0
6501,3225,8,0
6501,2887,9,1
6501,3005,10,1
7001,2622,1,0
7001,2660,2,0
7001,1638,3,0
7001,2612,4,0
7001,707,5,0
7001,4129,6,0
7001,2714,7,0
7001,4075,8,0
7001,2689,9,0
7001,2670,10,0
7001,3733,11,1
7501,3733,1,0
7501,2670,2,0
7501,2689,3,0
7501,2715,4,0
7501,4130,5,0
7501,2612,6,0
7501,707,7,0
7501,708,8,0
7501,2660,9,0
7501,2622,10,1
