2200,'10',751,,3295,4,,1,400,,3296,4,,1,100,,3288,4,,1,100,,3290,4,,1,100,,3298,4,,1,100,,3289,4,,1,100,,3297,4,,1,100,,3291,4,,1,100,,3292,4,,1,100,,3294,4,,1,100,,3293,4,,1
2200,'15',751,,3306,4,,1,400,,3307,4,,1,100,,3299,4,,1,100,,3301,4,,1,100,,3309,4,,1,100,,3300,4,,1,100,,3308,4,,1,100,,3302,4,,1,100,,3303,4,,1,100,,3305,4,,1,100,,3304,4,,1
2200,'16',751,,3317,4,,1,400,,3318,4,,1,100,,3310,4,,1,100,,3312,4,,1,100,,3320,4,,1,100,,3311,4,,1,100,,3319,4,,1,100,,3313,4,,1,100,,3314,4,,1,100,,3316,4,,1,100,,3315,4,,1
2200,'17',751,,3328,4,,1,400,,3329,4,,1,100,,3321,4,,1,100,,3323,4,,1,100,,3331,4,,1,100,,3322,4,,1,100,,3330,4,,1,100,,3324,4,,1,100,,3325,4,,1,100,,3327,4,,1,100,,3326,4,,1
2200,'19',751,,3339,4,,1,400,,3340,4,,1,100,,3332,4,,1,100,,3334,4,,1,100,,3342,4,,1,100,,3333,4,,1,100,,3341,4,,1,100,,3335,4,,1,100,,3336,4,,1,100,,3338,4,,1,100,,3337,4,,1
2200,'21',751,,3350,4,,1,400,,3351,4,,1,100,,3343,4,,1,100,,3345,4,,1,100,,3353,4,,1,100,,3344,4,,1,100,,3352,4,,1,100,,3346,4,,1,100,,3347,4,,1,100,,3349,4,,1,100,,3348,4,,1
2200,'5',751,,3361,4,,1,400,,3362,4,,1,100,,3354,4,,1,100,,3356,4,,1,100,,3364,4,,1,100,,3355,4,,1,100,,3363,4,,1,100,,3357,4,,1,100,,3358,4,,1,100,,3360,4,,1,100,,3359,4,,1
2200,'6',751,,3372,4,,1,400,,3373,4,,1,100,,3365,4,,1,100,,3367,4,,1,100,,3375,4,,1,100,,3366,4,,1,100,,3374,4,,1,100,,3368,4,,1,100,,3369,4,,1,100,,3371,4,,1,100,,3370,4,,1
2201,'10',654,,3385,,,1,100,,3386,,,1,400,,3381,,,1,100,,3377,,,1,100,,3378,,,1,100,,3383,,,1,100,,3376,,,1,100,,3382,,,1,100,,3387,,,1,100,,3380,,,1,100,,3384,,,1,100,,3379,,,1
2201,'15',654,,3397,,,1,100,,3398,,,1,400,,3393,,,1,100,,3389,,,1,100,,3390,,,1,100,,3395,,,1,100,,3388,,,1,100,,3394,,,1,100,,3399,,,1,100,,3392,,,1,100,,3396,,,1,100,,3391,,,1
2201,'16',654,,3408,,,1,100,,3409,,,1,400,,3405,,,1,100,,3401,,,1,100,,3402,,,1,100,,3406,,,1,100,,3400,,,1,100,,1497,,,1,100,,3410,,,1,100,,3404,,,1,100,,3407,,,1,100,,3403,,,1
2201,'17',654,,3419,,,1,100,,3420,,,1,400,,3416,,,1,100,,3412,,,1,100,,3413,,,1,100,,3417,,,1,100,,3411,,,1,100,,769,,,1,100,,3421,,,1,100,,3415,,,1,100,,3418,,,1,100,,3414,,,1
2201,'19',654,,3431,,,1,100,,3432,,,1,400,,3427,,,1,100,,3423,,,1,100,,3424,,,1,100,,3429,,,1,100,,3422,,,1,100,,3428,,,1,100,,3433,,,1,100,,3426,,,1,100,,3430,,,1,100,,3425,,,1
2201,'21',654,,3443,,,1,100,,3444,,,1,400,,3439,,,1,100,,3435,,,1,100,,3436,,,1,100,,3441,,,1,100,,3434,,,1,100,,3440,,,1,100,,3445,,,1,100,,3438,,,1,100,,3442,,,1,100,,3437,,,1
2201,'5',654,,3454,,,1,100,,3455,,,1,400,,3451,,,1,100,,3447,,,1,100,,3448,,,1,100,,3452,,,1,100,,3446,,,1,100,,753,,,1,100,,3456,,,1,100,,3450,,,1,100,,3453,,,1,100,,3449,,,1
2201,'6',654,,3466,,,1,100,,3467,,,1,400,,3462,,,1,100,,3458,,,1,100,,3459,,,1,100,,3464,,,1,100,,3457,,,1,100,,3463,,,1,100,,3468,,,1,100,,3461,,,1,100,,3465,,,1,100,,3460,,,1
