4001,'1',706,,7249,2,0,20 21 29 24,1,100,,7252,2,0,20 21 29 24,1,100,,7246,2,0,20 21 29 24,1,100,,7244,2,0,20 21 29 24,1,100,,7247,2,0,20 21 29 24,1,100,,7248,2,0,20 21 29 24,1,100,,7245,2,0,20 21 29 24,1,100,,7251,2,0,20 21 29 24,1,100,,7254,2,0,20 21 29 24,1,100,,7243,2,0,20 21 29 24,1,100,,5765,2,0,20 21 29 24,1,100,,7250,2,0,20 21 29 24,1,100,,7255,2,0,20 21 29 24,1,100,,7253,2,0,20 21 29 24,1,100,,7242,2,0,20 21 29 24,1,100,,7241,2,0,20 21 29 24,1
4001,'11',706,,7257,2,0,11 2 23 24,1,100,,5866,2,0,11 2 23 24,1,100,,7328,2,0,11 2 23 24,1,100,,7314,2,0,11 2 23 24,1,100,,7292,2,0,11 2 23 24,1,100,,7270,2,0,11 2 23 24,1,100,,7320,2,0,11 2 23 24,1,100,,7322,2,0,11 2 23 24,1,100,,7266,2,0,11 2 23 24,1,100,,7309,2,0,11 2 23 24,1,100,,7316,2,0,11 2 23 24,1,100,,6195,2,0,20 21 29 24,1,100,,7279,2,0,20 21 29 24,1,100,,7281,2,0,20 21 29 24,1,100,,7312,2,0,20 21 29 24,1,100,,7289,2,0,20 21 29 24,1
4001,'14',706,,7346,2,0,20 21 29 24,1,100,,7349,2,0,20 21 29 24,1,100,,7343,2,0,20 21 29 24,1,100,,7340,2,0,20 21 29 24,1,100,,7344,2,0,20 21 29 24,1,100,,7345,2,0,20 21 29 24,1,100,,7341,2,0,20 21 29 24,1,100,,7348,2,0,20 21 29 24,1,100,,7351,2,0,20 21 29 24,1,100,,7339,2,0,20 21 29 24,1,100,,7342,2,0,20 21 29 24,1,100,,7347,2,0,20 21 29 24,1,100,,7352,2,0,20 21 29 24,1,100,,7350,2,0,20 21 29 24,1,100,,7338,2,0,20 21 29 24,1,100,,7337,2,0,20 21 29 24,1
4001,'3',706,,7354,2,0,11 2 23 24,1,100,,5962,2,0,11 2 23 24,1,100,,7425,2,0,11 2 23 24,1,100,,7411,2,0,11 2 23 24,1,100,,7389,2,0,11 2 23 24,1,100,,7367,2,0,11 2 23 24,1,100,,7417,2,0,11 2 23 24,1,100,,7419,2,0,11 2 23 24,1,100,,7363,2,0,11 2 23 24,1,100,,7406,2,0,11 2 23 24,1,100,,7413,2,0,11 2 23 24,1,100,,6289,2,0,20 21 29 24,1,100,,7376,2,0,20 21 29 24,1,100,,7378,2,0,20 21 29 24,1,100,,7409,2,0,20 21 29 24,1,100,,7386,2,0,20 21 29 24,1
5001,'1',708,,7632,2,0,20 21 23 24,1,100,,7629,2,0,20 21 23 24,1,100,,7640,2,0,20 21 23 24,1,100,,7635,2,0,20 21 23 24,1,100,,7636,2,0,20 21 23 24,1,100,,5806,2,0,20 21 23 24,1,100,,7637,2,0,20 21 23 24,1,100,,7633,2,0,20 21 23 24,1,100,,7630,2,0,20 21 23 24,1,100,,7639,2,0,20 21 23 24,1,100,,7631,2,0,20 21 23 24,1,100,,7628,2,0,20 21 23 24,1,100,,7634,2,0,20 21 23 24,1,100,,7641,2,0,20 21 23 24,1,100,,7638,2,0,20 21 23 24,1,100,,7627,2,0,20 21 23 24,1
5001,'11',709,,7645,2,0,11 2 23 24,1,100,,7642,2,0,11 2 23 24,1,100,,7646,2,0,11 2 23 24,1,100,,7647,2,0,11 2 23 24,1,100,,7650,2,0,11 2 23 24,1,100,,7648,2,0,11 2 23 24,1,100,,7643,2,0,11 2 23 24,1,100,,7649,2,0,11 2 23 24,1,100,,7654,2,0,11 2 23 24,1,100,,7652,2,0,11 2 23 24,1,100,,7656,2,0,11 2 23 24,1,99,,7655,2,0,20 21 23 24,1,100,,7644,2,0,20 21 23 24,1,100,,7651,2,0,20 21 23 24,1,100,,6914,2,0,20 21 23 24,1,100,,7653,2,0,20 21 23 24,1
5001,'14',708,,7662,2,0,20 21 23 24,1,100,,7659,2,0,20 21 23 24,1,100,,7671,2,0,20 21 23 24,1,100,,7666,2,0,20 21 23 24,1,100,,7667,2,0,20 21 23 24,1,100,,7664,2,0,20 21 23 24,1,100,,7668,2,0,20 21 23 24,1,100,,7663,2,0,20 21 23 24,1,100,,7660,2,0,20 21 23 24,1,100,,7670,2,0,20 21 23 24,1,100,,7661,2,0,20 21 23 24,1,100,,7658,2,0,20 21 23 24,1,100,,7665,2,0,20 21 23 24,1,100,,7672,2,0,20 21 23 24,1,100,,7669,2,0,20 21 23 24,1,100,,7657,2,0,20 21 23 24,1
5001,'3',709,,7676,2,0,11 2 23 24,1,100,,7673,2,0,11 2 23 24,1,100,,7677,2,0,11 2 23 24,1,100,,7678,2,0,11 2 23 24,1,100,,7681,2,0,11 2 23 24,1,100,,7679,2,0,11 2 23 24,1,100,,7674,2,0,11 2 23 24,1,100,,7680,2,0,11 2 23 24,1,100,,7685,2,0,11 2 23 24,1,100,,7683,2,0,11 2 23 24,1,100,,7687,2,0,11 2 23 24,1,99,,7686,2,0,20 21 23 24,1,100,,7675,2,0,20 21 23 24,1,100,,7682,2,0,20 21 23 24,1,100,,6962,2,0,20 21 23 24,1,100,,7684,2,0,20 21 23 24,1
6001,'1',702,,7753,2,0,20 21 7,1,100,,7757,2,0,20 21 7,1,100,,7754,2,0,20 21 7,1,100,,7758,2,0,20 21 7,1,100,,7759,2,0,20 21 7,1,100,,7751,2,0,20 21 7,1,100,,7762,2,0,20 21 7,1,100,,7752,2,0,20 21 7,1,100,,7763,2,0,20 21 7,1,100,,7761,2,0,20 21 7,1,100,,7760,2,0,20 21 7,1,100,,7755,2,0,20 21 7,1,100,,7764,2,0,20 21 7,1,100,,7765,2,0,20 21 7,1,100,,7756,2,0,20 21 7,1,100,,7766,2,0,20 21 7,1
6001,'11',1802,,7791,2,0,20 21 7,1,30,,7792,2,0,20 21 7,1,70,,5873,2,0,20 21 7,1,30,,7768,2,0,20 21 7,1,70,,7790,2,0,20 21 7,1,30,,7815,2,0,20 21 7,1,70,,7774,2,0,20 21 7,1,30,,7807,2,0,20 21 7,1,70,,7779,2,0,20 21 7,1,30,,7808,2,0,20 21 7,1
6001,'14',702,,7819,2,0,20 21 7,1,100,,7823,2,0,20 21 7,1,100,,7820,2,0,20 21 7,1,100,,7824,2,0,20 21 7,1,100,,7825,2,0,20 21 7,1,100,,7817,2,0,20 21 7,1,100,,7828,2,0,20 21 7,1,100,,7818,2,0,20 21 7,1,100,,7829,2,0,20 21 7,1,100,,7827,2,0,20 21 7,1,100,,7826,2,0,20 21 7,1,100,,7821,2,0,20 21 7,1,100,,7830,2,0,20 21 7,1,100,,7831,2,0,20 21 7,1,100,,7822,2,0,20 21 7,1,100,,7832,2,0,20 21 7,1
6001,'3',1802,,7857,2,0,20 21 7,1,30,,7858,2,0,20 21 7,1,70,,5969,2,0,20 21 7,1,30,,7834,2,0,20 21 7,1,70,,7856,2,0,20 21 7,1,30,,7881,2,0,20 21 7,1,70,,7840,2,0,20 21 7,1,30,,7873,2,0,20 21 7,1,70,,7845,2,0,20 21 7,1,30,,7874,2,0,20 21 7,1
