5001,'10',721,,5187,0,11 12 25 24,1,100,,5195,0,11 12 25 24,1,100,,5184,0,11 12 25 24,1,100,,5182,0,11 12 25 24,1,100,,5183,0,11 12 25 24,1,100,,5188,0,11 12 25 24,1,100,,5189,0,11 12 25 24,1,100,,5185,0,11 12 25 24,1,100,,5181,0,11 12 25 24,1,100,,5192,0,11 12 25 24,1,100,,5190,0,11 12 25 24,1,100,,5191,0,11 12 25 24,1,100,,5186,0,11 12 25 24,1,100,,5193,0,11 12 25 24,1,100,,5194,0,11 12 25 24,1,100,,5196,0,11 12 25 24,1
5001,'15',721,,5212,0,14 2 25 24,1,100,,5202,0,14 2 25 24,1,100,,5200,0,14 2 25 24,1,100,,5211,0,14 2 25 24,1,100,,5208,0,14 2 25 24,1,100,,5197,0,14 2 25 24,1,100,,5204,0,14 2 25 24,1,100,,5198,0,14 2 25 24,1,100,,5201,0,14 2 25 24,1,100,,5205,0,14 2 25 24,1,100,,5203,0,14 2 25 24,1,100,,5210,0,11 12 25 24,1,100,,5209,0,11 12 25 24,1,100,,5199,0,11 12 25 24,1,100,,5206,0,11 12 25 24,1,100,,5207,0,11 12 25 24,1
5001,'16',721,,5227,0,14 2 25 24,1,100,,5217,0,14 2 25 24,1,100,,5215,0,14 2 25 24,1,100,,5226,0,14 2 25 24,1,100,,5223,0,14 2 25 24,1,100,,5213,0,14 2 25 24,1,100,,5219,0,14 2 25 24,1,100,,5214,0,14 2 25 24,1,100,,5216,0,14 2 25 24,1,100,,5220,0,14 2 25 24,1,100,,5218,0,14 2 25 24,1,100,,5225,0,11 12 25 24,1,100,,5224,0,11 12 25 24,1,100,,1460,0,11 12 25 24,1,100,,5221,0,11 12 25 24,1,100,,5222,0,11 12 25 24,1
5001,'17',721,,5242,0,14 2 25 24,1,100,,5232,0,14 2 25 24,1,100,,5230,0,14 2 25 24,1,100,,5241,0,14 2 25 24,1,100,,5238,0,14 2 25 24,1,100,,5228,0,14 2 25 24,1,100,,5234,0,14 2 25 24,1,100,,5229,0,14 2 25 24,1,100,,5231,0,14 2 25 24,1,100,,5235,0,14 2 25 24,1,100,,5233,0,14 2 25 24,1,100,,5240,0,11 12 25 24,1,100,,5239,0,11 12 25 24,1,100,,1470,0,11 12 25 24,1,100,,5236,0,11 12 25 24,1,100,,5237,0,11 12 25 24,1
5001,'19',721,,5258,0,14 2 25 24,1,100,,5248,0,14 2 25 24,1,100,,5246,0,14 2 25 24,1,100,,5257,0,14 2 25 24,1,100,,5254,0,14 2 25 24,1,100,,5243,0,14 2 25 24,1,100,,5250,0,14 2 25 24,1,100,,5244,0,14 2 25 24,1,100,,5247,0,14 2 25 24,1,100,,5251,0,14 2 25 24,1,100,,5249,0,14 2 25 24,1,100,,5256,0,11 12 25 24,1,100,,5255,0,11 12 25 24,1,100,,5245,0,11 12 25 24,1,100,,5252,0,11 12 25 24,1,100,,5253,0,11 12 25 24,1
5001,'21',721,,5265,0,11 12 25 24,1,100,,5273,0,11 12 25 24,1,100,,5262,0,11 12 25 24,1,100,,5260,0,11 12 25 24,1,100,,5261,0,11 12 25 24,1,100,,5266,0,11 12 25 24,1,100,,5267,0,11 12 25 24,1,100,,5263,0,11 12 25 24,1,100,,5259,0,11 12 25 24,1,100,,5270,0,11 12 25 24,1,100,,5268,0,11 12 25 24,1,100,,5269,0,11 12 25 24,1,100,,5264,0,11 12 25 24,1,100,,5271,0,11 12 25 24,1,100,,5272,0,11 12 25 24,1,100,,5274,0,11 12 25 24,1
5001,'5',721,,5289,0,14 2 25 24,1,100,,5279,0,14 2 25 24,1,100,,5277,0,14 2 25 24,1,100,,5288,0,14 2 25 24,1,100,,5285,0,14 2 25 24,1,100,,5275,0,14 2 25 24,1,100,,5281,0,14 2 25 24,1,100,,5276,0,14 2 25 24,1,100,,5278,0,14 2 25 24,1,100,,5282,0,14 2 25 24,1,100,,5280,0,14 2 25 24,1,100,,5287,0,11 12 25 24,1,100,,5286,0,11 12 25 24,1,100,,1480,0,11 12 25 24,1,100,,5283,0,11 12 25 24,1,100,,5284,0,11 12 25 24,1
5001,'6',721,,5305,0,14 2 25 24,1,100,,5295,0,14 2 25 24,1,100,,5293,0,14 2 25 24,1,100,,5304,0,14 2 25 24,1,100,,5301,0,14 2 25 24,1,100,,5290,0,14 2 25 24,1,100,,5297,0,14 2 25 24,1,100,,5291,0,14 2 25 24,1,100,,5294,0,14 2 25 24,1,100,,5298,0,14 2 25 24,1,100,,5296,0,14 2 25 24,1,100,,5303,0,11 12 25 24,1,100,,5302,0,11 12 25 24,1,100,,5292,0,11 12 25 24,1,100,,5299,0,11 12 25 24,1,100,,5300,0,11 12 25 24,1
5501,'10',727,,5309,0,11 12 5 13,1,100,,5314,0,11 12 5 13,1,100,,5318,0,11 12 5 13,1,100,,5310,0,11 12 5 13,1,100,,5307,0,11 12 5 13,1,100,,5312,0,11 12 5 13,1,100,,5321,0,11 12 5 13,1,100,,5306,0,11 12 5 13,1,100,,5316,0,11 12 5 13,1,100,,5317,0,11 12 5 13,1,100,,5319,0,11 12 5 13,1,100,,5315,0,11 12 5 13,1,100,,5313,0,11 12 5 13,1,100,,5311,0,11 12 5 13,1,100,,5320,0,11 12 5 13,1,100,,5308,0,11 12 5 13,1
5501,'15',725,,5337,0,14 2 5 13,1,100,,5330,0,14 2 5 13,1,100,,5322,0,14 2 5 13,1,100,,5327,0,14 2 5 13,1,100,,5332,0,14 2 5 13,1,100,,5323,0,14 2 5 13,1,100,,5336,0,14 2 5 13,1,100,,5329,0,14 2 5 13,1,100,,5325,0,14 2 5 13,1,100,,5331,0,14 2 5 13,1,100,,5324,0,14 2 5 13,1,102,,5334,0,11 12 5 13,1,100,,5328,0,11 12 5 13,1,100,,5326,0,11 12 5 13,1,100,,5333,0,11 12 5 13,1,100,,5335,0,11 12 5 13,1
5501,'16',725,,5353,0,14 2 5 13,1,100,,5346,0,14 2 5 13,1,100,,5338,0,14 2 5 13,1,100,,5343,0,14 2 5 13,1,100,,5348,0,14 2 5 13,1,100,,5339,0,14 2 5 13,1,100,,5352,0,14 2 5 13,1,100,,5345,0,14 2 5 13,1,100,,5341,0,14 2 5 13,1,100,,5347,0,14 2 5 13,1,100,,5340,0,14 2 5 13,1,102,,5350,0,11 12 5 13,1,100,,5344,0,11 12 5 13,1,100,,5342,0,11 12 5 13,1,100,,5349,0,11 12 5 13,1,100,,5351,0,11 12 5 13,1
5501,'17',725,,5369,0,14 2 5 13,1,100,,5362,0,14 2 5 13,1,100,,5354,0,14 2 5 13,1,100,,5359,0,14 2 5 13,1,100,,5364,0,14 2 5 13,1,100,,5355,0,14 2 5 13,1,100,,5368,0,14 2 5 13,1,100,,5361,0,14 2 5 13,1,100,,5357,0,14 2 5 13,1,100,,5363,0,14 2 5 13,1,100,,5356,0,14 2 5 13,1,102,,5366,0,11 12 5 13,1,100,,5360,0,11 12 5 13,1,100,,5358,0,11 12 5 13,1,100,,5365,0,11 12 5 13,1,100,,5367,0,11 12 5 13,1
5501,'19',725,,5385,0,14 2 5 13,1,100,,5378,0,14 2 5 13,1,100,,5370,0,14 2 5 13,1,100,,5375,0,14 2 5 13,1,100,,5380,0,14 2 5 13,1,100,,5371,0,14 2 5 13,1,100,,5384,0,14 2 5 13,1,100,,5377,0,14 2 5 13,1,100,,5373,0,14 2 5 13,1,100,,5379,0,14 2 5 13,1,100,,5372,0,14 2 5 13,1,102,,5382,0,11 12 5 13,1,100,,5376,0,11 12 5 13,1,100,,5374,0,11 12 5 13,1,100,,5381,0,11 12 5 13,1,100,,5383,0,11 12 5 13,1
5501,'21',727,,5389,0,11 12 5 13,1,100,,5394,0,11 12 5 13,1,100,,5398,0,11 12 5 13,1,100,,5390,0,11 12 5 13,1,100,,5387,0,11 12 5 13,1,100,,5392,0,11 12 5 13,1,100,,5401,0,11 12 5 13,1,100,,5386,0,11 12 5 13,1,100,,5396,0,11 12 5 13,1,100,,5397,0,11 12 5 13,1,100,,5399,0,11 12 5 13,1,100,,5395,0,11 12 5 13,1,100,,5393,0,11 12 5 13,1,100,,5391,0,11 12 5 13,1,100,,5400,0,11 12 5 13,1,100,,5388,0,11 12 5 13,1
5501,'5',725,,5417,0,14 2 5 13,1,100,,5410,0,14 2 5 13,1,100,,5402,0,14 2 5 13,1,100,,5407,0,14 2 5 13,1,100,,5412,0,14 2 5 13,1,100,,5403,0,14 2 5 13,1,100,,5416,0,14 2 5 13,1,100,,5409,0,14 2 5 13,1,100,,5405,0,14 2 5 13,1,100,,5411,0,14 2 5 13,1,100,,5404,0,14 2 5 13,1,102,,5414,0,11 12 5 13,1,100,,5408,0,11 12 5 13,1,100,,5406,0,11 12 5 13,1,100,,5413,0,11 12 5 13,1,100,,5415,0,11 12 5 13,1
5501,'6',725,,5433,0,14 2 5 13,1,100,,5426,0,14 2 5 13,1,100,,5418,0,14 2 5 13,1,100,,5423,0,14 2 5 13,1,100,,5428,0,14 2 5 13,1,100,,5419,0,14 2 5 13,1,100,,5432,0,14 2 5 13,1,100,,5425,0,14 2 5 13,1,100,,5421,0,14 2 5 13,1,100,,5427,0,14 2 5 13,1,100,,5420,0,14 2 5 13,1,102,,5430,0,11 12 5 13,1,100,,5424,0,11 12 5 13,1,100,,5422,0,11 12 5 13,1,100,,5429,0,11 12 5 13,1,100,,5431,0,11 12 5 13,1
