7001,'1',1841,,1923,9,0,2 22 7,1,70,,1913,9,0,2 22 7,1,30,,1908,9,0,2 22 7,1,70,,1909,9,0,2 22 7,1,30,,1897,9,0,2 22 7,1,70,,1915,9,0,2 22 7,1,30,,1898,9,0,2 22 7,1,70,,1896,9,0,2 22 7,1,30,,1912,9,0,2 22 7,1,70,,1904,9,0,2 22 7,1
7001,'10',1841,,1955,9,0,2 22 7,1,70,,1945,9,0,2 22 7,1,30,,1940,9,0,2 22 7,1,70,,1941,9,0,2 22 7,1,30,,1929,9,0,2 22 7,1,70,,1947,9,0,2 22 7,1,30,,1930,9,0,2 22 7,1,70,,1928,9,0,2 22 7,1,30,,1944,9,0,2 22 7,1,70,,1936,9,0,2 22 7,1
7001,'11',1841,,1987,9,0,2 22 7,1,70,,1975,9,0,2 22 7,1,30,,1970,9,0,2 22 7,1,70,,1971,9,0,2 22 7,1,30,,1960,9,0,2 22 7,1,70,,1978,9,0,2 22 7,1,30,,1961,9,0,2 22 7,1,70,,1959,9,0,2 22 7,1,30,,1974,9,0,2 22 7,1,70,,1966,9,0,2 22 7,1
7001,'14',741,,1990,9,0,2 22 7,1,100,,1991,9,0,2 22 7,1,100,,1993,9,0,2 22 7,1,100,,2003,9,0,2 22 7,1,100,,1992,9,0,2 22 7,1,100,,1989,9,0,2 22 7,1,100,,2002,9,0,2 22 7,1,100,,1995,9,0,2 22 7,1,100,,1994,9,0,2 22 7,1,100,,2001,9,0,2 22 7,1,100,,1999,9,0,2 22 7,1,100,,1988,9,0,2 22 7,1,100,,2000,9,0,2 22 7,1,100,,1998,9,0,2 22 7,1,100,,1997,9,0,2 22 7,1,100,,1996,9,0,2 22 7,1
7001,'3',1841,,2035,9,0,2 22 7,1,70,,2025,9,0,2 22 7,1,30,,2020,9,0,2 22 7,1,70,,2021,9,0,2 22 7,1,30,,2009,9,0,2 22 7,1,70,,2027,9,0,2 22 7,1,30,,2010,9,0,2 22 7,1,70,,2008,9,0,2 22 7,1,30,,2024,9,0,2 22 7,1,70,,2016,9,0,2 22 7,1
7501,'1',1810,,2039,2,0,20 21 23 24,1,30,,2051,2,0,20 21 23 24,1,70,,2043,2,0,20 21 23 24,1,30,,2036,2,0,20 21 23 24,1,70,,2055,2,0,20 21 23 24,1,30,,2056,2,0,20 21 23 24,1,70,,2059,2,0,20 21 23 24,1,30,,2048,2,0,20 21 23 24,1,70,,2044,2,0,20 21 23 24,1,30,,2040,2,0,20 21 23 24,1
7501,'10',1810,,2071,2,0,20 21 23 24,1,30,,2084,2,0,20 21 23 24,1,70,,2075,2,0,20 21 23 24,1,30,,2068,2,0,20 21 23 24,1,70,,2088,2,0,20 21 23 24,1,30,,2089,2,0,20 21 23 24,1,70,,2091,2,0,20 21 23 24,1,30,,2080,2,0,20 21 23 24,1,70,,2076,2,0,20 21 23 24,1,30,,2072,2,0,20 21 23 24,1
7501,'11',1810,,2103,2,0,20 21 23 24,1,30,,2116,2,0,20 21 23 24,1,70,,2107,2,0,20 21 23 24,1,30,,2100,2,0,20 21 23 24,1,70,,2121,2,0,20 21 23 24,1,30,,2122,2,0,20 21 23 24,1,70,,2124,2,0,20 21 23 24,1,30,,2112,2,0,20 21 23 24,1,70,,2108,2,0,20 21 23 24,1,30,,2104,2,0,20 21 23 24,1
7501,'14',710,,2141,2,0,20 21 23 24,1,100,,2143,2,0,20 21 23 24,1,100,,2142,2,0,20 21 23 24,1,100,,2147,2,0,20 21 23 24,1,100,,2146,2,0,20 21 23 24,1,100,,2144,2,0,20 21 23 24,1,100,,2133,2,0,20 21 23 24,1,100,,2140,2,0,20 21 23 24,1,100,,2137,2,0,20 21 23 24,1,100,,2138,2,0,20 21 23 24,1,100,,2145,2,0,20 21 23 24,1,100,,2132,2,0,20 21 23 24,1,100,,2134,2,0,20 21 23 24,1,100,,2139,2,0,20 21 23 24,1,100,,2135,2,0,20 21 23 24,1,100,,2136,2,0,20 21 23 24,1
7501,'3',1810,,2151,2,0,20 21 23 24,1,30,,2163,2,0,20 21 23 24,1,70,,2155,2,0,20 21 23 24,1,30,,2148,2,0,20 21 23 24,1,70,,2167,2,0,20 21 23 24,1,30,,2168,2,0,20 21 23 24,1,70,,2171,2,0,20 21 23 24,1,30,,2160,2,0,20 21 23 24,1,70,,2156,2,0,20 21 23 24,1,30,,2152,2,0,20 21 23 24,1
