4501,'1',745,,842,4,0,11 2 5 12,1,100,,839,4,0,11 2 5 12,1,100,,850,4,0,11 2 5 12,1,100,,868,4,0,11 2 5 12,1,100,,898,4,0,11 2 5 12,1,100,,826,4,0,11 2 5 12,1,100,,904,4,0,11 2 5 12,1,100,,887,4,0,11 2 5 12,1,100,,872,4,0,11 2 5 12,1,100,,899,4,0,11 2 5 12,1,100,,820,4,0,11 2 5 12,1,100,,835,6,0,20 21 30 12,1,100,,830,6,0,20 21 30 12,1,100,,919,6,0,20 21 30 12,1,100,,905,6,0,20 21 30 12,1,100,,840,6,0,20 21 30 12,1
4501,'10',745,,1013,4,0,11 2 5 12,1,100,,950,4,0,11 2 5 12,1,100,,925,4,0,11 2 5 12,1,100,,977,4,0,11 2 5 12,1,100,,998,4,0,11 2 5 12,1,100,,937,4,0,11 2 5 12,1,100,,1023,4,0,11 2 5 12,1,100,,996,4,0,11 2 5 12,1,100,,981,4,0,11 2 5 12,1,100,,1008,4,0,11 2 5 12,1,100,,931,4,0,11 2 5 12,1,100,,946,6,0,20 21 30 12,1,100,,941,6,0,20 21 30 12,1,100,,1029,6,0,20 21 30 12,1,100,,1014,6,0,20 21 30 12,1,100,,951,6,0,20 21 30 12,1
4501,'11',745,,1124,4,0,11 2 5 12,1,100,,1061,4,0,11 2 5 12,1,100,,1035,4,0,11 2 5 12,1,100,,1088,4,0,11 2 5 12,1,100,,1109,4,0,11 2 5 12,1,100,,1048,4,0,11 2 5 12,1,100,,1041,4,0,11 2 5 12,1,100,,1107,4,0,11 2 5 12,1,100,,1092,4,0,11 2 5 12,1,100,,1119,4,0,11 2 5 12,1,100,,1042,4,0,11 2 5 12,1,100,,1057,6,0,20 21 30 12,1,100,,1052,6,0,20 21 30 12,1,100,,1139,6,0,20 21 30 12,1,100,,1125,6,0,20 21 30 12,1,100,,1062,6,0,20 21 30 12,1
4501,'14',745,,1154,6,0,20 21 30 12,1,100,,1148,6,0,20 21 30 12,1,100,,1149,6,0,20 21 30 12,1,100,,1143,6,0,20 21 30 12,1,100,,1145,6,0,20 21 30 12,1,100,,1151,6,0,20 21 30 12,1,100,,1153,6,0,20 21 30 12,1,100,,1156,6,0,20 21 30 12,1,100,,1150,6,0,20 21 30 12,1,100,,1142,6,0,20 21 30 12,1,100,,1147,6,0,20 21 30 12,1,100,,1144,6,0,20 21 30 12,1,100,,1157,6,0,20 21 30 12,1,100,,1152,6,0,20 21 30 12,1,100,,1146,6,0,20 21 30 12,1,100,,1155,6,0,20 21 30 12,1
4501,'3',745,,1188,4,0,11 2 5 12,1,100,,1185,4,0,11 2 5 12,1,100,,1196,4,0,11 2 5 12,1,100,,1214,4,0,11 2 5 12,1,100,,1244,4,0,11 2 5 12,1,100,,1172,4,0,11 2 5 12,1,100,,1250,4,0,11 2 5 12,1,100,,1233,4,0,11 2 5 12,1,100,,1218,4,0,11 2 5 12,1,100,,1245,4,0,11 2 5 12,1,100,,1166,4,0,11 2 5 12,1,100,,1181,6,0,20 21 30 12,1,100,,1176,6,0,20 21 30 12,1,100,,1265,6,0,20 21 30 12,1,100,,1251,6,0,20 21 30 12,1,100,,1186,6,0,20 21 30 12,1
5501,'1',738,,1359,10,0,11 2 5 12,1,100,,1361,10,0,11 2 5 12,1,100,,1351,10,0,11 2 5 12,1,100,,1354,10,0,11 2 5 12,1,100,,1362,10,0,11 2 5 12,1,100,,1353,10,0,11 2 5 12,1,100,,1357,10,0,11 2 5 12,1,100,,1358,10,0,11 2 5 12,1,100,,1360,10,0,11 2 5 12,1,100,,1348,10,0,11 2 5 12,1,100,,1363,10,0,11 2 5 12,1,103,,1355,12,0,20 21 5 12,1,100,,1349,12,0,20 21 5 12,1,100,,1350,12,0,20 21 5 12,1,100,,1352,12,0,20 21 5 12,1,100,,1356,12,0,20 21 5 12,1
5501,'10',738,,1375,10,0,11 2 5 12,1,100,,1377,10,0,11 2 5 12,1,100,,1367,10,0,11 2 5 12,1,100,,1370,10,0,11 2 5 12,1,100,,1378,10,0,11 2 5 12,1,100,,1369,10,0,11 2 5 12,1,100,,1373,10,0,11 2 5 12,1,100,,1374,10,0,11 2 5 12,1,100,,1376,10,0,11 2 5 12,1,100,,1364,10,0,11 2 5 12,1,100,,1379,10,0,11 2 5 12,1,103,,1371,12,0,20 21 5 12,1,100,,1365,12,0,20 21 5 12,1,100,,1366,12,0,20 21 5 12,1,100,,1368,12,0,20 21 5 12,1,100,,1372,12,0,20 21 5 12,1
5501,'11',738,,1391,10,0,11 2 5 12,1,100,,1393,10,0,11 2 5 12,1,100,,1383,10,0,11 2 5 12,1,100,,1386,10,0,11 2 5 12,1,100,,1394,10,0,11 2 5 12,1,100,,1385,10,0,11 2 5 12,1,100,,1389,10,0,11 2 5 12,1,100,,1390,10,0,11 2 5 12,1,100,,1392,10,0,11 2 5 12,1,100,,1380,10,0,11 2 5 12,1,100,,1395,10,0,11 2 5 12,1,103,,1387,12,0,20 21 5 12,1,100,,1381,12,0,20 21 5 12,1,100,,1382,12,0,20 21 5 12,1,100,,1384,12,0,20 21 5 12,1,100,,1388,12,0,20 21 5 12,1
5501,'14',741,,1404,12,0,20 21 5 12,1,100,,1405,12,0,20 21 5 12,1,100,,1406,12,0,20 21 5 12,1,100,,1401,12,0,20 21 5 12,1,100,,1399,12,0,20 21 5 12,1,100,,1411,12,0,20 21 5 12,1,100,,1396,12,0,20 21 5 12,1,100,,1403,12,0,20 21 5 12,1,100,,1410,12,0,20 21 5 12,1,100,,1400,12,0,20 21 5 12,1,100,,1409,12,0,20 21 5 12,1,100,,1408,12,0,20 21 5 12,1,100,,1397,12,0,20 21 5 12,1,100,,1398,12,0,20 21 5 12,1,100,,1407,12,0,20 21 5 12,1,100,,1402,12,0,20 21 5 12,1
5501,'3',738,,1423,10,0,11 2 5 12,1,100,,1425,10,0,11 2 5 12,1,100,,1415,10,0,11 2 5 12,1,100,,1418,10,0,11 2 5 12,1,100,,1426,10,0,11 2 5 12,1,100,,1417,10,0,11 2 5 12,1,100,,1421,10,0,11 2 5 12,1,100,,1422,10,0,11 2 5 12,1,100,,1424,10,0,11 2 5 12,1,100,,1412,10,0,11 2 5 12,1,100,,1427,10,0,11 2 5 12,1,103,,1419,12,0,20 21 5 12,1,100,,1413,12,0,20 21 5 12,1,100,,1414,12,0,20 21 5 12,1,100,,1416,12,0,20 21 5 12,1,100,,1420,12,0,20 21 5 12,1
6501,'1',1842,,1689,7,0,20 21 5 12,1,70,,1662,7,0,20 21 5 12,1,30,,1674,7,0,20 21 5 12,1,70,,1699,7,0,20 21 5 12,1,30,,1695,7,0,20 21 5 12,1,70,,1682,7,0,20 21 5 12,1,30,,1681,7,0,20 21 5 12,1,70,,1686,7,0,20 21 5 12,1,30,,1708,7,0,20 21 5 12,1,70,,1667,7,0,20 21 5 12,1
6501,'10',1842,,1744,7,0,20 21 5 12,1,70,,1717,7,0,20 21 5 12,1,30,,1729,7,0,20 21 5 12,1,70,,1754,7,0,20 21 5 12,1,30,,1750,7,0,20 21 5 12,1,70,,1737,7,0,20 21 5 12,1,30,,1736,7,0,20 21 5 12,1,70,,1741,7,0,20 21 5 12,1,30,,1763,7,0,20 21 5 12,1,70,,1722,7,0,20 21 5 12,1
6501,'11',1842,,1800,7,0,20 21 5 12,1,70,,1772,7,0,20 21 5 12,1,30,,1784,7,0,20 21 5 12,1,70,,1809,7,0,20 21 5 12,1,30,,1806,7,0,20 21 5 12,1,70,,1793,7,0,20 21 5 12,1,30,,1792,7,0,20 21 5 12,1,70,,1797,7,0,20 21 5 12,1,30,,1818,7,0,20 21 5 12,1,70,,1777,7,0,20 21 5 12,1
6501,'14',742,,1826,7,0,20 21 5 12,1,100,,1823,7,0,20 21 5 12,1,100,,1830,7,0,20 21 5 12,1,100,,1822,7,0,20 21 5 12,1,100,,1824,7,0,20 21 5 12,1,100,,1829,7,0,20 21 5 12,1,100,,1821,7,0,20 21 5 12,1,100,,1831,7,0,20 21 5 12,1,100,,1833,7,0,20 21 5 12,1,100,,1832,7,0,20 21 5 12,1,100,,1827,7,0,20 21 5 12,1,100,,1828,7,0,20 21 5 12,1,100,,1834,7,0,20 21 5 12,1,100,,1825,7,0,20 21 5 12,1,100,,1835,7,0,20 21 5 12,1,100,,1836,7,0,20 21 5 12,1
6501,'3',1842,,1870,7,0,20 21 5 12,1,70,,1843,7,0,20 21 5 12,1,30,,1855,7,0,20 21 5 12,1,70,,1880,7,0,20 21 5 12,1,30,,1876,7,0,20 21 5 12,1,70,,1863,7,0,20 21 5 12,1,30,,1862,7,0,20 21 5 12,1,70,,1867,7,0,20 21 5 12,1,30,,1889,7,0,20 21 5 12,1,70,,1848,7,0,20 21 5 12,1
