5001,'1',734,,6303,9,0,11 2 23 24,1,100,,6311,9,0,11 2 23 24,1,100,,6309,9,0,11 2 23 24,1,100,,6310,9,0,11 2 23 24,1,100,,6312,9,0,11 2 23 24,1,100,,6314,9,0,11 2 23 24,1,100,,6301,9,0,11 2 23 24,1,100,,6315,9,0,11 2 23 24,1,100,,6300,9,0,11 2 23 24,1,100,,6307,9,0,11 2 23 24,1,100,,6304,9,0,11 2 23 24,1,100,,6306,9,0,20 21 23 24,1,100,,6305,9,0,20 21 23 24,1,100,,6308,9,0,20 21 23 24,1,100,,6313,9,0,20 21 23 24,1,100,,6302,9,0,20 21 23 24,1
5001,'10',734,,6318,9,0,11 2 23 24,1,100,,6326,9,0,11 2 23 24,1,100,,6324,9,0,11 2 23 24,1,100,,6325,9,0,11 2 23 24,1,100,,6327,9,0,11 2 23 24,1,100,,6329,9,0,11 2 23 24,1,100,,6317,9,0,11 2 23 24,1,100,,6330,9,0,11 2 23 24,1,100,,6316,9,0,11 2 23 24,1,100,,6322,9,0,11 2 23 24,1,100,,6319,9,0,11 2 23 24,1,100,,6321,9,0,20 21 23 24,1,100,,6320,9,0,20 21 23 24,1,100,,6323,9,0,20 21 23 24,1,100,,6328,9,0,20 21 23 24,1,100,,4247,9,0,20 21 23 24,1
5001,'13',734,,6343,9,0,20 21 23 24,1,100,,6336,9,0,20 21 23 24,1,100,,6337,9,0,20 21 23 24,1,100,,6340,9,0,20 21 23 24,1,100,,6335,9,0,20 21 23 24,1,100,,6332,9,0,20 21 23 24,1,100,,6346,9,0,20 21 23 24,1,100,,6338,9,0,20 21 23 24,1,100,,6339,9,0,20 21 23 24,1,100,,6334,9,0,20 21 23 24,1,100,,6331,9,0,20 21 23 24,1,100,,6345,9,0,20 21 23 24,1,100,,6333,9,0,20 21 23 24,1,100,,6342,9,0,20 21 23 24,1,100,,6344,9,0,20 21 23 24,1,100,,6341,9,0,20 21 23 24,1
5001,'3',734,,6349,9,0,11 2 23 24,1,100,,6357,9,0,11 2 23 24,1,100,,6355,9,0,11 2 23 24,1,100,,6356,9,0,11 2 23 24,1,100,,6358,9,0,11 2 23 24,1,100,,6360,9,0,11 2 23 24,1,100,,6348,9,0,11 2 23 24,1,100,,6361,9,0,11 2 23 24,1,100,,6347,9,0,11 2 23 24,1,100,,6353,9,0,11 2 23 24,1,100,,6350,9,0,11 2 23 24,1,100,,6352,9,0,20 21 23 24,1,100,,6351,9,0,20 21 23 24,1,100,,6354,9,0,20 21 23 24,1,100,,6359,9,0,20 21 23 24,1,100,,4295,9,0,20 21 23 24,1
5501,'1',718,,6366,4,0,11 2 5 12,1,100,,6362,4,0,11 2 5 12,1,100,,6377,4,0,11 2 5 12,1,100,,6367,4,0,11 2 5 12,1,100,,6368,4,0,11 2 5 12,1,100,,6370,4,0,11 2 5 12,1,100,,6371,4,0,11 2 5 12,1,100,,6376,4,0,11 2 5 12,1,100,,6364,4,0,11 2 5 12,1,100,,6369,4,0,11 2 5 12,1,100,,6363,4,0,11 2 5 12,1,103,,6365,5,0,20 21 5 12,1,100,,6372,5,0,20 21 5 12,1,100,,6375,5,0,20 21 5 12,1,100,,6373,5,0,20 21 5 12,1,100,,6374,5,0,20 21 5 12,1
5501,'10',718,,6381,4,0,11 2 5 12,1,100,,6378,4,0,11 2 5 12,1,100,,6391,4,0,11 2 5 12,1,100,,6382,4,0,11 2 5 12,1,100,,6383,4,0,11 2 5 12,1,100,,6385,4,0,11 2 5 12,1,100,,6386,4,0,11 2 5 12,1,100,,6390,4,0,11 2 5 12,1,100,,6380,4,0,11 2 5 12,1,100,,6384,4,0,11 2 5 12,1,100,,6379,4,0,11 2 5 12,1,103,,2978,5,0,20 21 5 12,1,100,,6387,5,0,20 21 5 12,1,100,,6389,5,0,20 21 5 12,1,100,,3012,5,0,20 21 5 12,1,100,,6388,5,0,20 21 5 12,1
5501,'13',721,,6403,5,0,20 21 5 12,1,100,,6393,5,0,20 21 5 12,1,100,,6400,5,0,20 21 5 12,1,100,,6398,5,0,20 21 5 12,1,100,,6397,5,0,20 21 5 12,1,100,,6406,5,0,20 21 5 12,1,100,,6405,5,0,20 21 5 12,1,100,,6399,5,0,20 21 5 12,1,100,,6401,5,0,20 21 5 12,1,100,,6404,5,0,20 21 5 12,1,100,,6394,5,0,20 21 5 12,1,100,,6395,5,0,20 21 5 12,1,100,,6392,5,0,20 21 5 12,1,100,,6407,5,0,20 21 5 12,1,100,,6402,5,0,20 21 5 12,1,100,,6396,5,0,20 21 5 12,1
5501,'3',718,,6410,4,0,11 2 5 12,1,100,,6408,4,0,11 2 5 12,1,100,,6420,4,0,11 2 5 12,1,100,,6411,4,0,11 2 5 12,1,100,,6412,4,0,11 2 5 12,1,100,,6414,4,0,11 2 5 12,1,100,,6415,4,0,11 2 5 12,1,100,,6419,4,0,11 2 5 12,1,100,,6409,4,0,11 2 5 12,1,100,,6413,4,0,11 2 5 12,1,100,,3202,4,0,11 2 5 12,1,103,,3211,5,0,20 21 5 12,1,100,,6416,5,0,20 21 5 12,1,100,,6418,5,0,20 21 5 12,1,100,,3246,5,0,20 21 5 12,1,100,,6417,5,0,20 21 5 12,1
7001,'1',717,,6786,4,0,11 2 7,1,30,,6790,4,0,11 2 7,1,70,,6781,4,0,11 2 7,1,30,,6766,4,0,11 2 7,1,70,,6770,4,0,11 2 7,1,30,,6789,4,0,11 2 7,1,70,,6779,4,0,11 2 7,1,30,,6793,4,0,11 2 7,1,70,,6765,4,0,11 2 7,1,30,,6777,4,0,11 2 7,1,70,,6791,4,0,11 2 7,1,30,,6776,4,0,11 2 7,1,70,,6795,4,0,11 2 7,1,30,,6787,4,0,11 2 7,1,70,,6775,4,0,11 2 7,1,30,,6764,4,0,11 2 7,1,70,,6778,4,0,11 2 7,1,30,,6771,4,0,11 2 7,1,70,,6785,4,0,11 2 7,1,30,,6784,4,0,11 2 7,1,70,,6782,4,0,11 2 7,1,30,,6774,4,0,11 2 7,1,70,,6772,5,0,22 2 6 2 7,1,30,,6767,5,0,22 2 6 2 7,1,70,,6780,5,0,22 2 6 2 7,1,30,,6783,5,0,22 2 6 2 7,1,70,,6768,5,0,22 2 6 2 7,1,30,,6792,5,0,22 2 6 2 7,1,70,,6769,5,0,22 2 6 2 7,1,30,,6773,5,0,22 2 6 2 7,1,70,,6788,5,0,22 2 6 2 7,1,30,,6794,5,0,22 2 6 2 7,1
7001,'10',717,,6820,4,0,11 2 7,1,30,,6818,4,0,11 2 7,1,70,,4125,4,0,11 2 7,1,30,,6800,4,0,11 2 7,1,70,,6804,4,0,11 2 7,1,30,,6817,4,0,11 2 7,1,70,,6812,4,0,11 2 7,1,30,,6824,4,0,11 2 7,1,70,,6797,4,0,11 2 7,1,30,,6798,4,0,11 2 7,1,70,,6822,4,0,11 2 7,1,30,,6810,4,0,11 2 7,1,70,,6826,4,0,11 2 7,1,30,,6799,4,0,11 2 7,1,70,,6809,4,0,11 2 7,1,30,,6796,4,0,11 2 7,1,70,,6811,4,0,11 2 7,1,30,,6805,4,0,11 2 7,1,70,,6819,4,0,11 2 7,1,30,,6816,4,0,11 2 7,1,70,,6814,4,0,11 2 7,1,30,,6808,4,0,11 2 7,1,70,,6806,5,0,22 2 6 2 7,1,30,,6801,5,0,22 2 6 2 7,1,70,,6813,5,0,22 2 6 2 7,1,30,,6815,5,0,22 2 6 2 7,1,70,,6802,5,0,22 2 6 2 7,1,30,,6823,5,0,22 2 6 2 7,1,70,,6803,5,0,22 2 6 2 7,1,30,,6807,5,0,22 2 6 2 7,1,70,,6821,5,0,22 2 6 2 7,1,30,,6825,5,0,22 2 6 2 7,1
7001,'13',717,,6828,5,0,22 2 6 2 7,1,100,,6838,5,0,22 2 6 2 7,1,100,,6837,5,0,22 2 6 2 7,1,100,,6841,5,0,22 2 6 2 7,1,100,,6839,5,0,22 2 6 2 7,1,100,,6830,5,0,22 2 6 2 7,1,100,,6833,5,0,22 2 6 2 7,1,100,,6831,5,0,22 2 6 2 7,1,100,,6832,5,0,22 2 6 2 7,1,100,,6842,5,0,22 2 6 2 7,1,100,,6840,5,0,22 2 6 2 7,1,100,,6835,5,0,22 2 6 2 7,1,100,,6836,5,0,22 2 6 2 7,1,100,,6829,5,0,22 2 6 2 7,1,100,,6827,5,0,22 2 6 2 7,1,100,,6834,5,0,22 2 6 2 7,1
7001,'3',717,,6864,4,0,11 2 7,1,30,,4174,4,0,11 2 7,1,70,,4172,4,0,11 2 7,1,30,,6845,4,0,11 2 7,1,70,,6849,4,0,11 2 7,1,30,,6866,4,0,11 2 7,1,70,,6858,4,0,11 2 7,1,30,,6869,4,0,11 2 7,1,70,,6844,4,0,11 2 7,1,30,,6856,4,0,11 2 7,1,70,,6867,4,0,11 2 7,1,30,,6855,4,0,11 2 7,1,70,,6871,4,0,11 2 7,1,30,,3250,4,0,11 2 7,1,70,,6854,4,0,11 2 7,1,30,,6843,4,0,11 2 7,1,70,,6857,4,0,11 2 7,1,30,,6850,4,0,11 2 7,1,70,,6863,4,0,11 2 7,1,30,,6862,4,0,11 2 7,1,70,,6860,4,0,11 2 7,1,30,,6853,4,0,11 2 7,1,70,,6851,5,0,22 2 6 2 7,1,30,,6846,5,0,22 2 6 2 7,1,70,,6859,5,0,22 2 6 2 7,1,30,,6861,5,0,22 2 6 2 7,1,70,,6847,5,0,22 2 6 2 7,1,30,,6868,5,0,22 2 6 2 7,1,70,,6848,5,0,22 2 6 2 7,1,30,,6852,5,0,22 2 6 2 7,1,70,,6865,5,0,22 2 6 2 7,1,30,,6870,5,0,22 2 6 2 7,1
7501,'1',735,,6878,6,0,11 2 23 24,1,70,,6891,6,0,11 2 23 24,1,30,,6889,6,0,11 2 23 24,1,70,,6872,6,0,11 2 23 24,1,30,,6879,6,0,11 2 23 24,1,70,,6902,6,0,11 2 23 24,1,30,,6894,6,0,11 2 23 24,1,70,,6877,6,0,11 2 23 24,1,30,,6887,6,0,11 2 23 24,1,70,,6890,6,0,11 2 23 24,1,30,,6897,6,0,11 2 23 24,1,70,,6886,6,0,11 2 23 24,1,30,,6883,6,0,11 2 23 24,1,70,,6881,6,0,11 2 23 24,1,30,,6903,6,0,11 2 23 24,1,70,,6885,6,0,11 2 23 24,1,30,,6873,6,0,11 2 23 24,1,70,,6901,6,0,11 2 23 24,1,30,,6875,6,0,11 2 23 24,1,70,,6880,6,0,11 2 23 24,1,30,,6874,6,0,11 2 23 24,1,70,,6899,6,0,11 2 23 24,1,30,,6893,7,0,25 24,1,70,,6896,7,0,25 24,1,30,,6882,7,0,25 24,1,70,,6898,7,0,25 24,1,30,,6892,7,0,25 24,1,70,,6900,7,0,25 24,1,30,,6884,7,0,25 24,1,70,,6888,7,0,25 24,1,30,,6895,7,0,25 24,1,70,,6876,7,0,25 24,1
7501,'10',735,,6909,6,0,11 2 23 24,1,70,,6921,6,0,11 2 23 24,1,30,,6918,6,0,11 2 23 24,1,70,,6932,6,0,11 2 23 24,1,30,,6910,6,0,11 2 23 24,1,70,,6934,6,0,11 2 23 24,1,30,,6924,6,0,11 2 23 24,1,70,,6920,6,0,11 2 23 24,1,30,,6916,6,0,11 2 23 24,1,70,,6919,6,0,11 2 23 24,1,30,,6927,6,0,11 2 23 24,1,70,,6931,6,0,11 2 23 24,1,30,,6914,6,0,11 2 23 24,1,70,,6912,6,0,11 2 23 24,1,30,,3054,6,0,11 2 23 24,1,70,,6904,6,0,11 2 23 24,1,30,,6905,6,0,11 2 23 24,1,70,,6933,6,0,11 2 23 24,1,30,,6907,6,0,11 2 23 24,1,70,,6911,6,0,11 2 23 24,1,30,,6906,6,0,11 2 23 24,1,70,,6929,6,0,11 2 23 24,1,30,,6923,7,0,25 24,1,70,,6926,7,0,25 24,1,30,,6913,7,0,25 24,1,70,,6928,7,0,25 24,1,30,,6922,7,0,25 24,1,70,,6930,7,0,25 24,1,30,,6915,7,0,25 24,1,70,,6917,7,0,25 24,1,30,,6925,7,0,25 24,1,70,,6908,7,0,25 24,1
7501,'13',735,,6943,7,0,25 24,1,100,,6945,7,0,25 24,1,100,,6944,7,0,25 24,1,100,,6941,7,0,25 24,1,100,,6938,7,0,25 24,1,100,,6947,7,0,25 24,1,100,,6940,7,0,25 24,1,100,,6949,7,0,25 24,1,100,,6946,7,0,25 24,1,100,,6936,7,0,25 24,1,100,,6937,7,0,25 24,1,100,,6935,7,0,25 24,1,100,,6939,7,0,25 24,1,100,,6950,7,0,25 24,1,100,,6942,7,0,25 24,1,100,,6948,7,0,25 24,1
7501,'3',735,,6957,6,0,11 2 23 24,1,70,,6970,6,0,11 2 23 24,1,30,,6968,6,0,11 2 23 24,1,70,,6951,6,0,11 2 23 24,1,30,,6958,6,0,11 2 23 24,1,70,,6981,6,0,11 2 23 24,1,30,,6973,6,0,11 2 23 24,1,70,,6956,6,0,11 2 23 24,1,30,,6966,6,0,11 2 23 24,1,70,,6969,6,0,11 2 23 24,1,30,,6976,6,0,11 2 23 24,1,70,,6965,6,0,11 2 23 24,1,30,,6962,6,0,11 2 23 24,1,70,,6960,6,0,11 2 23 24,1,30,,3287,6,0,11 2 23 24,1,70,,6964,6,0,11 2 23 24,1,30,,6952,6,0,11 2 23 24,1,70,,6980,6,0,11 2 23 24,1,30,,6954,6,0,11 2 23 24,1,70,,6959,6,0,11 2 23 24,1,30,,6953,6,0,11 2 23 24,1,70,,6978,6,0,11 2 23 24,1,30,,6972,7,0,25 24,1,70,,6975,7,0,25 24,1,30,,6961,7,0,25 24,1,70,,6977,7,0,25 24,1,30,,6971,7,0,25 24,1,70,,6979,7,0,25 24,1,30,,6963,7,0,25 24,1,70,,6967,7,0,25 24,1,30,,6974,7,0,25 24,1,70,,6955,7,0,25 24,1
