5001,'10',731,,4079,8,0,20 21 23 24,1,100,,4087,8,0,20 21 23 24,1,100,,4076,8,0,20 21 23 24,1,100,,4074,8,0,20 21 23 24,1,100,,4075,8,0,20 21 23 24,1,100,,4080,8,0,20 21 23 24,1,100,,4081,8,0,20 21 23 24,1,100,,4077,8,0,20 21 23 24,1,100,,4073,8,0,20 21 23 24,1,100,,4084,8,0,20 21 23 24,1,100,,4082,8,0,20 21 23 24,1,100,,4083,8,0,20 21 23 24,1,100,,4078,8,0,20 21 23 24,1,100,,4085,8,0,20 21 23 24,1,100,,4086,8,0,20 21 23 24,1,100,,4088,8,0,20 21 23 24,1
5001,'15',731,,4104,7,0,11 2 23 24,1,100,,4094,7,0,11 2 23 24,1,100,,4092,7,0,11 2 23 24,1,100,,4103,7,0,11 2 23 24,1,100,,4100,7,0,11 2 23 24,1,100,,4089,7,0,11 2 23 24,1,100,,4096,7,0,11 2 23 24,1,100,,4090,7,0,11 2 23 24,1,100,,4093,7,0,11 2 23 24,1,100,,4097,7,0,11 2 23 24,1,100,,4095,7,0,11 2 23 24,1,100,,4102,8,0,20 21 23 24,1,100,,4101,8,0,20 21 23 24,1,100,,4091,8,0,20 21 23 24,1,100,,4098,8,0,20 21 23 24,1,100,,4099,8,0,20 21 23 24,1
5001,'16',731,,4119,7,0,11 2 23 24,1,100,,4109,7,0,11 2 23 24,1,100,,4107,7,0,11 2 23 24,1,100,,4118,7,0,11 2 23 24,1,100,,4115,7,0,11 2 23 24,1,100,,4105,7,0,11 2 23 24,1,100,,4111,7,0,11 2 23 24,1,100,,4106,7,0,11 2 23 24,1,100,,4108,7,0,11 2 23 24,1,100,,4112,7,0,11 2 23 24,1,100,,4110,7,0,11 2 23 24,1,100,,4117,8,0,20 21 23 24,1,100,,4116,8,0,20 21 23 24,1,100,,291,8,0,20 21 23 24,1,100,,4113,8,0,20 21 23 24,1,100,,4114,8,0,20 21 23 24,1
5001,'17',731,,4134,7,0,11 2 23 24,1,100,,4124,7,0,11 2 23 24,1,100,,4122,7,0,11 2 23 24,1,100,,4133,7,0,11 2 23 24,1,100,,4130,7,0,11 2 23 24,1,100,,4120,7,0,11 2 23 24,1,100,,4126,7,0,11 2 23 24,1,100,,4121,7,0,11 2 23 24,1,100,,4123,7,0,11 2 23 24,1,100,,4127,7,0,11 2 23 24,1,100,,4125,7,0,11 2 23 24,1,100,,4132,8,0,20 21 23 24,1,100,,4131,8,0,20 21 23 24,1,100,,301,8,0,20 21 23 24,1,100,,4128,8,0,20 21 23 24,1,100,,4129,8,0,20 21 23 24,1
5001,'19',731,,4150,7,0,11 2 23 24,1,100,,4140,7,0,11 2 23 24,1,100,,4138,7,0,11 2 23 24,1,100,,4149,7,0,11 2 23 24,1,100,,4146,7,0,11 2 23 24,1,100,,4135,7,0,11 2 23 24,1,100,,4142,7,0,11 2 23 24,1,100,,4136,7,0,11 2 23 24,1,100,,4139,7,0,11 2 23 24,1,100,,4143,7,0,11 2 23 24,1,100,,4141,7,0,11 2 23 24,1,100,,4148,8,0,20 21 23 24,1,100,,4147,8,0,20 21 23 24,1,100,,4137,8,0,20 21 23 24,1,100,,4144,8,0,20 21 23 24,1,100,,4145,8,0,20 21 23 24,1
5001,'21',731,,4157,8,0,20 21 23 24,1,100,,4165,8,0,20 21 23 24,1,100,,4154,8,0,20 21 23 24,1,100,,4152,8,0,20 21 23 24,1,100,,4153,8,0,20 21 23 24,1,100,,4158,8,0,20 21 23 24,1,100,,4159,8,0,20 21 23 24,1,100,,4155,8,0,20 21 23 24,1,100,,4151,8,0,20 21 23 24,1,100,,4162,8,0,20 21 23 24,1,100,,4160,8,0,20 21 23 24,1,100,,4161,8,0,20 21 23 24,1,100,,4156,8,0,20 21 23 24,1,100,,4163,8,0,20 21 23 24,1,100,,4164,8,0,20 21 23 24,1,100,,4166,8,0,20 21 23 24,1
5001,'5',731,,4181,7,0,11 2 23 24,1,100,,4171,7,0,11 2 23 24,1,100,,4169,7,0,11 2 23 24,1,100,,4180,7,0,11 2 23 24,1,100,,4177,7,0,11 2 23 24,1,100,,4167,7,0,11 2 23 24,1,100,,4173,7,0,11 2 23 24,1,100,,4168,7,0,11 2 23 24,1,100,,4170,7,0,11 2 23 24,1,100,,4174,7,0,11 2 23 24,1,100,,4172,7,0,11 2 23 24,1,100,,4179,8,0,20 21 23 24,1,100,,4178,8,0,20 21 23 24,1,100,,311,8,0,20 21 23 24,1,100,,4175,8,0,20 21 23 24,1,100,,4176,8,0,20 21 23 24,1
5001,'6',731,,4197,7,0,11 2 23 24,1,100,,4187,7,0,11 2 23 24,1,100,,4185,7,0,11 2 23 24,1,100,,4196,7,0,11 2 23 24,1,100,,4193,7,0,11 2 23 24,1,100,,4182,7,0,11 2 23 24,1,100,,4189,7,0,11 2 23 24,1,100,,4183,7,0,11 2 23 24,1,100,,4186,7,0,11 2 23 24,1,100,,4190,7,0,11 2 23 24,1,100,,4188,7,0,11 2 23 24,1,100,,4195,8,0,20 21 23 24,1,100,,4194,8,0,20 21 23 24,1,100,,4184,8,0,20 21 23 24,1,100,,4191,8,0,20 21 23 24,1,100,,4192,8,0,20 21 23 24,1
5501,'10',718,,4201,3,0,20 21 5 12,1,100,,4206,3,0,20 21 5 12,1,100,,4210,3,0,20 21 5 12,1,100,,4202,3,0,20 21 5 12,1,100,,4199,3,0,20 21 5 12,1,100,,4204,3,0,20 21 5 12,1,100,,4213,3,0,20 21 5 12,1,100,,4198,3,0,20 21 5 12,1,100,,4208,3,0,20 21 5 12,1,100,,4209,3,0,20 21 5 12,1,100,,4211,3,0,20 21 5 12,1,100,,4207,3,0,20 21 5 12,1,100,,4205,3,0,20 21 5 12,1,100,,4203,3,0,20 21 5 12,1,100,,4212,3,0,20 21 5 12,1,100,,4200,3,0,20 21 5 12,1
5501,'15',715,,4229,2,0,11 2 5 12,1,100,,4222,2,0,11 2 5 12,1,100,,4214,2,0,11 2 5 12,1,100,,4219,2,0,11 2 5 12,1,100,,4224,2,0,11 2 5 12,1,100,,4215,2,0,11 2 5 12,1,100,,4228,2,0,11 2 5 12,1,100,,4221,2,0,11 2 5 12,1,100,,4217,2,0,11 2 5 12,1,100,,4223,2,0,11 2 5 12,1,100,,4216,2,0,11 2 5 12,1,103,,4226,3,0,20 21 5 12,1,100,,4220,3,0,20 21 5 12,1,100,,4218,3,0,20 21 5 12,1,100,,4225,3,0,20 21 5 12,1,100,,4227,3,0,20 21 5 12,1
5501,'16',715,,4245,2,0,11 2 5 12,1,100,,4238,2,0,11 2 5 12,1,100,,4230,2,0,11 2 5 12,1,100,,4235,2,0,11 2 5 12,1,100,,4240,2,0,11 2 5 12,1,100,,4231,2,0,11 2 5 12,1,100,,4244,2,0,11 2 5 12,1,100,,4237,2,0,11 2 5 12,1,100,,4233,2,0,11 2 5 12,1,100,,4239,2,0,11 2 5 12,1,100,,4232,2,0,11 2 5 12,1,103,,4242,3,0,20 21 5 12,1,100,,4236,3,0,20 21 5 12,1,100,,4234,3,0,20 21 5 12,1,100,,4241,3,0,20 21 5 12,1,100,,4243,3,0,20 21 5 12,1
5501,'17',715,,4261,2,0,11 2 5 12,1,100,,4254,2,0,11 2 5 12,1,100,,4246,2,0,11 2 5 12,1,100,,4251,2,0,11 2 5 12,1,100,,4256,2,0,11 2 5 12,1,100,,4247,2,0,11 2 5 12,1,100,,4260,2,0,11 2 5 12,1,100,,4253,2,0,11 2 5 12,1,100,,4249,2,0,11 2 5 12,1,100,,4255,2,0,11 2 5 12,1,100,,4248,2,0,11 2 5 12,1,103,,4258,3,0,20 21 5 12,1,100,,4252,3,0,20 21 5 12,1,100,,4250,3,0,20 21 5 12,1,100,,4257,3,0,20 21 5 12,1,100,,4259,3,0,20 21 5 12,1
5501,'19',715,,4277,2,0,11 2 5 12,1,100,,4270,2,0,11 2 5 12,1,100,,4262,2,0,11 2 5 12,1,100,,4267,2,0,11 2 5 12,1,100,,4272,2,0,11 2 5 12,1,100,,4263,2,0,11 2 5 12,1,100,,4276,2,0,11 2 5 12,1,100,,4269,2,0,11 2 5 12,1,100,,4265,2,0,11 2 5 12,1,100,,4271,2,0,11 2 5 12,1,100,,4264,2,0,11 2 5 12,1,103,,4274,3,0,20 21 5 12,1,100,,4268,3,0,20 21 5 12,1,100,,4266,3,0,20 21 5 12,1,100,,4273,3,0,20 21 5 12,1,100,,4275,3,0,20 21 5 12,1
5501,'21',718,,4281,3,0,20 21 5 12,1,100,,4286,3,0,20 21 5 12,1,100,,4290,3,0,20 21 5 12,1,100,,4282,3,0,20 21 5 12,1,100,,4279,3,0,20 21 5 12,1,100,,4284,3,0,20 21 5 12,1,100,,4293,3,0,20 21 5 12,1,100,,4278,3,0,20 21 5 12,1,100,,4288,3,0,20 21 5 12,1,100,,4289,3,0,20 21 5 12,1,100,,4291,3,0,20 21 5 12,1,100,,4287,3,0,20 21 5 12,1,100,,4285,3,0,20 21 5 12,1,100,,4283,3,0,20 21 5 12,1,100,,4292,3,0,20 21 5 12,1,100,,4280,3,0,20 21 5 12,1
5501,'5',715,,4309,2,0,11 2 5 12,1,100,,4302,2,0,11 2 5 12,1,100,,4294,2,0,11 2 5 12,1,100,,4299,2,0,11 2 5 12,1,100,,4304,2,0,11 2 5 12,1,100,,4295,2,0,11 2 5 12,1,100,,4308,2,0,11 2 5 12,1,100,,4301,2,0,11 2 5 12,1,100,,4297,2,0,11 2 5 12,1,100,,4303,2,0,11 2 5 12,1,100,,4296,2,0,11 2 5 12,1,103,,4306,3,0,20 21 5 12,1,100,,4300,3,0,20 21 5 12,1,100,,4298,3,0,20 21 5 12,1,100,,4305,3,0,20 21 5 12,1,100,,4307,3,0,20 21 5 12,1
5501,'6',715,,4325,2,0,11 2 5 12,1,100,,4318,2,0,11 2 5 12,1,100,,4310,2,0,11 2 5 12,1,100,,4315,2,0,11 2 5 12,1,100,,4320,2,0,11 2 5 12,1,100,,4311,2,0,11 2 5 12,1,100,,4324,2,0,11 2 5 12,1,100,,4317,2,0,11 2 5 12,1,100,,4313,2,0,11 2 5 12,1,100,,4319,2,0,11 2 5 12,1,100,,4312,2,0,11 2 5 12,1,103,,4322,3,0,20 21 5 12,1,100,,4316,3,0,20 21 5 12,1,100,,4314,3,0,20 21 5 12,1,100,,4321,3,0,20 21 5 12,1,100,,4323,3,0,20 21 5 12,1
7001,'10',715,,5025,3,0,22 2 6 2 7,1,100,,5022,3,0,22 2 6 2 7,1,100,,5026,3,0,22 2 6 2 7,1,100,,5028,3,0,22 2 6 2 7,1,100,,5013,3,0,22 2 6 2 7,1,100,,5020,3,0,22 2 6 2 7,1,100,,5024,3,0,22 2 6 2 7,1,100,,5023,3,0,22 2 6 2 7,1,100,,5017,3,0,22 2 6 2 7,1,100,,5016,3,0,22 2 6 2 7,1,100,,5014,3,0,22 2 6 2 7,1,100,,5027,3,0,22 2 6 2 7,1,100,,5018,3,0,22 2 6 2 7,1,100,,5019,3,0,22 2 6 2 7,1,100,,5021,3,0,22 2 6 2 7,1,100,,5015,3,0,22 2 6 2 7,1
7001,'15',715,,5053,2,0,11 2 7,1,30,,5054,2,0,11 2 7,1,70,,5058,2,0,11 2 7,1,30,,5051,2,0,11 2 7,1,70,,5029,2,0,11 2 7,1,30,,5047,2,0,11 2 7,1,70,,5052,2,0,11 2 7,1,30,,5032,2,0,11 2 7,1,70,,5040,2,0,11 2 7,1,30,,5037,2,0,11 2 7,1,70,,5041,2,0,11 2 7,1,30,,5036,2,0,11 2 7,1,70,,5046,2,0,11 2 7,1,30,,5050,2,0,11 2 7,1,70,,5039,2,0,11 2 7,1,30,,5042,2,0,11 2 7,1,70,,5030,2,0,11 2 7,1,30,,5048,2,0,11 2 7,1,70,,5031,2,0,11 2 7,1,30,,5044,2,0,11 2 7,1,70,,5057,2,0,11 2 7,1,30,,5034,2,0,11 2 7,1,70,,5038,3,0,22 2 6 2 7,1,30,,5056,3,0,22 2 6 2 7,1,70,,5043,3,0,22 2 6 2 7,1,30,,5060,3,0,22 2 6 2 7,1,70,,5059,3,0,22 2 6 2 7,1,30,,5035,3,0,22 2 6 2 7,1,70,,5045,3,0,22 2 6 2 7,1,30,,5055,3,0,22 2 6 2 7,1,70,,5033,3,0,22 2 6 2 7,1,30,,5049,3,0,22 2 6 2 7,1
7001,'16',715,,5085,2,0,11 2 7,1,30,,5086,2,0,11 2 7,1,70,,5090,2,0,11 2 7,1,30,,5083,2,0,11 2 7,1,70,,5061,2,0,11 2 7,1,30,,5079,2,0,11 2 7,1,70,,5084,2,0,11 2 7,1,30,,5064,2,0,11 2 7,1,70,,5072,2,0,11 2 7,1,30,,5069,2,0,11 2 7,1,70,,5073,2,0,11 2 7,1,30,,5068,2,0,11 2 7,1,70,,5078,2,0,11 2 7,1,30,,5082,2,0,11 2 7,1,70,,5071,2,0,11 2 7,1,30,,5074,2,0,11 2 7,1,70,,5062,2,0,11 2 7,1,30,,5080,2,0,11 2 7,1,70,,5063,2,0,11 2 7,1,30,,5076,2,0,11 2 7,1,70,,5089,2,0,11 2 7,1,30,,5066,2,0,11 2 7,1,70,,5070,3,0,22 2 6 2 7,1,30,,5088,3,0,22 2 6 2 7,1,70,,5075,3,0,22 2 6 2 7,1,30,,5092,3,0,22 2 6 2 7,1,70,,5091,3,0,22 2 6 2 7,1,30,,5067,3,0,22 2 6 2 7,1,70,,5077,3,0,22 2 6 2 7,1,30,,5087,3,0,22 2 6 2 7,1,70,,5065,3,0,22 2 6 2 7,1,30,,5081,3,0,22 2 6 2 7,1
7001,'17',715,,5117,2,0,11 2 7,1,30,,5114,2,0,11 2 7,1,70,,5121,2,0,11 2 7,1,30,,5115,2,0,11 2 7,1,70,,5093,2,0,11 2 7,1,30,,5099,2,0,11 2 7,1,70,,5116,2,0,11 2 7,1,30,,5097,2,0,11 2 7,1,70,,5105,2,0,11 2 7,1,30,,5123,2,0,11 2 7,1,70,,5106,2,0,11 2 7,1,30,,5102,2,0,11 2 7,1,70,,5111,2,0,11 2 7,1,30,,5096,2,0,11 2 7,1,70,,5104,2,0,11 2 7,1,30,,5107,2,0,11 2 7,1,70,,5094,2,0,11 2 7,1,30,,5112,2,0,11 2 7,1,70,,5095,2,0,11 2 7,1,30,,5109,2,0,11 2 7,1,70,,5120,2,0,11 2 7,1,30,,5100,2,0,11 2 7,1,70,,5103,3,0,22 2 6 2 7,1,30,,5119,3,0,22 2 6 2 7,1,70,,5108,3,0,22 2 6 2 7,1,30,,5124,3,0,22 2 6 2 7,1,70,,5122,3,0,22 2 6 2 7,1,30,,5101,3,0,22 2 6 2 7,1,70,,5110,3,0,22 2 6 2 7,1,30,,5118,3,0,22 2 6 2 7,1,70,,5098,3,0,22 2 6 2 7,1,30,,5113,3,0,22 2 6 2 7,1
7001,'19',715,,5150,2,0,11 2 7,1,30,,5147,2,0,11 2 7,1,70,,5154,2,0,11 2 7,1,30,,5148,2,0,11 2 7,1,70,,5125,2,0,11 2 7,1,30,,5130,2,0,11 2 7,1,70,,5149,2,0,11 2 7,1,30,,5128,2,0,11 2 7,1,70,,5137,2,0,11 2 7,1,30,,5134,2,0,11 2 7,1,70,,5138,2,0,11 2 7,1,30,,5133,2,0,11 2 7,1,70,,5144,2,0,11 2 7,1,30,,5139,2,0,11 2 7,1,70,,5136,2,0,11 2 7,1,30,,5140,2,0,11 2 7,1,70,,5126,2,0,11 2 7,1,30,,5145,2,0,11 2 7,1,70,,5127,2,0,11 2 7,1,30,,5142,2,0,11 2 7,1,70,,5153,2,0,11 2 7,1,30,,5131,2,0,11 2 7,1,70,,5135,3,0,22 2 6 2 7,1,30,,5152,3,0,22 2 6 2 7,1,70,,5141,3,0,22 2 6 2 7,1,30,,5156,3,0,22 2 6 2 7,1,70,,5155,3,0,22 2 6 2 7,1,30,,5132,3,0,22 2 6 2 7,1,70,,5143,3,0,22 2 6 2 7,1,30,,5151,3,0,22 2 6 2 7,1,70,,5129,3,0,22 2 6 2 7,1,30,,5146,3,0,22 2 6 2 7,1
7001,'21',715,,5167,3,0,22 2 6 2 7,1,100,,1328,3,0,22 2 6 2 7,1,100,,5168,3,0,22 2 6 2 7,1,100,,5170,3,0,22 2 6 2 7,1,100,,5157,3,0,22 2 6 2 7,1,100,,5163,3,0,22 2 6 2 7,1,100,,5166,3,0,22 2 6 2 7,1,100,,5165,3,0,22 2 6 2 7,1,100,,5160,3,0,22 2 6 2 7,1,100,,5159,3,0,22 2 6 2 7,1,100,,5158,3,0,22 2 6 2 7,1,100,,5169,3,0,22 2 6 2 7,1,100,,5161,3,0,22 2 6 2 7,1,100,,5162,3,0,22 2 6 2 7,1,100,,5164,3,0,22 2 6 2 7,1,100,,1991,3,0,22 2 6 2 7,1
7001,'5',715,,5195,2,0,11 2 7,1,30,,5196,2,0,11 2 7,1,70,,5200,2,0,11 2 7,1,30,,5193,2,0,11 2 7,1,70,,5171,2,0,11 2 7,1,30,,5189,2,0,11 2 7,1,70,,5194,2,0,11 2 7,1,30,,5174,2,0,11 2 7,1,70,,5182,2,0,11 2 7,1,30,,5179,2,0,11 2 7,1,70,,5183,2,0,11 2 7,1,30,,5178,2,0,11 2 7,1,70,,5188,2,0,11 2 7,1,30,,5192,2,0,11 2 7,1,70,,5181,2,0,11 2 7,1,30,,5184,2,0,11 2 7,1,70,,5172,2,0,11 2 7,1,30,,5190,2,0,11 2 7,1,70,,5173,2,0,11 2 7,1,30,,5186,2,0,11 2 7,1,70,,5199,2,0,11 2 7,1,30,,5176,2,0,11 2 7,1,70,,5180,3,0,22 2 6 2 7,1,30,,5198,3,0,22 2 6 2 7,1,70,,5185,3,0,22 2 6 2 7,1,30,,5202,3,0,22 2 6 2 7,1,70,,5201,3,0,22 2 6 2 7,1,30,,5177,3,0,22 2 6 2 7,1,70,,5187,3,0,22 2 6 2 7,1,30,,5197,3,0,22 2 6 2 7,1,70,,5175,3,0,22 2 6 2 7,1,30,,5191,3,0,22 2 6 2 7,1
7001,'6',715,,5228,2,0,11 2 7,1,30,,5225,2,0,11 2 7,1,70,,5232,2,0,11 2 7,1,30,,5226,2,0,11 2 7,1,70,,5203,2,0,11 2 7,1,30,,5208,2,0,11 2 7,1,70,,5227,2,0,11 2 7,1,30,,5206,2,0,11 2 7,1,70,,5216,2,0,11 2 7,1,30,,5214,2,0,11 2 7,1,70,,5217,2,0,11 2 7,1,30,,5211,2,0,11 2 7,1,70,,5222,2,0,11 2 7,1,30,,5212,2,0,11 2 7,1,70,,5215,2,0,11 2 7,1,30,,5218,2,0,11 2 7,1,70,,5204,2,0,11 2 7,1,30,,5223,2,0,11 2 7,1,70,,5205,2,0,11 2 7,1,30,,5220,2,0,11 2 7,1,70,,5231,2,0,11 2 7,1,30,,5209,2,0,11 2 7,1,70,,5213,3,0,22 2 6 2 7,1,30,,5230,3,0,22 2 6 2 7,1,70,,5219,3,0,22 2 6 2 7,1,30,,5234,3,0,22 2 6 2 7,1,70,,5233,3,0,22 2 6 2 7,1,30,,5210,3,0,22 2 6 2 7,1,70,,5221,3,0,22 2 6 2 7,1,30,,5229,3,0,22 2 6 2 7,1,70,,5207,3,0,22 2 6 2 7,1,30,,5224,3,0,22 2 6 2 7,1
