5001,'1',1840,,6306,11,0,20 21 23 24,1,100,,6305,11,0,20 21 23 24,1,100,,6308,11,0,20 21 23 24,1,100,,6313,11,0,20 21 23 24,1,100,,6302,11,0,20 21 23 24,1
5001,'10',1840,,6321,11,0,20 21 23 24,1,100,,6320,11,0,20 21 23 24,1,100,,6323,11,0,20 21 23 24,1,100,,6328,11,0,20 21 23 24,1,100,,4247,11,0,20 21 23 24,1
5001,'13',740,,6343,11,0,20 21 23 24,1,100,,6336,11,0,20 21 23 24,1,100,,6337,11,0,20 21 23 24,1,100,,6340,11,0,20 21 23 24,1,100,,6335,11,0,20 21 23 24,1,100,,6332,11,0,20 21 23 24,1,100,,6346,11,0,20 21 23 24,1,100,,6338,11,0,20 21 23 24,1,100,,6339,11,0,20 21 23 24,1,100,,6334,11,0,20 21 23 24,1,100,,6331,11,0,20 21 23 24,1,100,,6345,11,0,20 21 23 24,1,100,,6333,11,0,20 21 23 24,1,100,,6342,11,0,20 21 23 24,1,100,,6344,11,0,20 21 23 24,1,100,,6341,11,0,20 21 23 24,1
5001,'3',1840,,6352,11,0,20 21 23 24,1,100,,6351,11,0,20 21 23 24,1,100,,6354,11,0,20 21 23 24,1,100,,6359,11,0,20 21 23 24,1,100,,4295,11,0,20 21 23 24,1
5501,'1',1812,,6365,2,0,20 21 5 12,1,100,,6372,2,0,20 21 5 12,1,100,,6375,2,0,20 21 5 12,1,100,,6373,2,0,20 21 5 12,1,100,,6374,2,0,20 21 5 12,1
5501,'10',1812,,2978,2,0,20 21 5 12,1,100,,6387,2,0,20 21 5 12,1,100,,6389,2,0,20 21 5 12,1,100,,3012,2,0,20 21 5 12,1,100,,6388,2,0,20 21 5 12,1
5501,'13',712,,6403,2,0,20 21 5 12,1,100,,6393,2,0,20 21 5 12,1,100,,6400,2,0,20 21 5 12,1,100,,6398,2,0,20 21 5 12,1,100,,6397,2,0,20 21 5 12,1,100,,6406,2,0,20 21 5 12,1,100,,6405,2,0,20 21 5 12,1,100,,6399,2,0,20 21 5 12,1,100,,6401,2,0,20 21 5 12,1,100,,6404,2,0,20 21 5 12,1,100,,6394,2,0,20 21 5 12,1,100,,6395,2,0,20 21 5 12,1,100,,6392,2,0,20 21 5 12,1,100,,6407,2,0,20 21 5 12,1,100,,6402,2,0,20 21 5 12,1,100,,6396,2,0,20 21 5 12,1
5501,'3',1812,,3211,2,0,20 21 5 12,1,100,,6416,2,0,20 21 5 12,1,100,,6418,2,0,20 21 5 12,1,100,,3246,2,0,20 21 5 12,1,100,,6417,2,0,20 21 5 12,1
7001,'1',1809,,6772,2,0,20 21 7,1,30,,6767,2,0,20 21 7,1,70,,6780,2,0,20 21 7,1,30,,6783,2,0,20 21 7,1,70,,6768,2,0,20 21 7,1,30,,6792,2,0,20 21 7,1,70,,6769,2,0,20 21 7,1,30,,6773,2,0,20 21 7,1,70,,6788,2,0,20 21 7,1,30,,6794,2,0,20 21 7,1
7001,'10',1809,,6806,2,0,20 21 7,1,30,,6801,2,0,20 21 7,1,70,,6813,2,0,20 21 7,1,30,,6815,2,0,20 21 7,1,70,,6802,2,0,20 21 7,1,30,,6823,2,0,20 21 7,1,70,,6803,2,0,20 21 7,1,30,,6807,2,0,20 21 7,1,70,,6821,2,0,20 21 7,1,30,,6825,2,0,20 21 7,1
7001,'13',709,,6828,2,0,20 21 7,1,100,,6838,2,0,20 21 7,1,100,,6837,2,0,20 21 7,1,100,,6841,2,0,20 21 7,1,100,,6839,2,0,20 21 7,1,100,,6830,2,0,20 21 7,1,100,,6833,2,0,20 21 7,1,100,,6831,2,0,20 21 7,1,100,,6832,2,0,20 21 7,1,100,,6842,2,0,20 21 7,1,100,,6840,2,0,20 21 7,1,100,,6835,2,0,20 21 7,1,100,,6836,2,0,20 21 7,1,100,,6829,2,0,20 21 7,1,100,,6827,2,0,20 21 7,1,100,,6834,2,0,20 21 7,1
7001,'3',1809,,6851,2,0,20 21 7,1,30,,6846,2,0,20 21 7,1,70,,6859,2,0,20 21 7,1,30,,6861,2,0,20 21 7,1,70,,6847,2,0,20 21 7,1,30,,6868,2,0,20 21 7,1,70,,6848,2,0,20 21 7,1,30,,6852,2,0,20 21 7,1,70,,6865,2,0,20 21 7,1,30,,6870,2,0,20 21 7,1
7501,'1',1843,,6893,9,0,25 24,1,70,,6896,9,0,25 24,1,30,,6882,9,0,25 24,1,70,,6898,9,0,25 24,1,30,,6892,9,0,25 24,1,70,,6900,9,0,25 24,1,30,,6884,9,0,25 24,1,70,,6888,9,0,25 24,1,30,,6895,9,0,25 24,1,70,,6876,9,0,25 24,1
7501,'10',1843,,6923,9,0,25 24,1,70,,6926,9,0,25 24,1,30,,6913,9,0,25 24,1,70,,6928,9,0,25 24,1,30,,6922,9,0,25 24,1,70,,6930,9,0,25 24,1,30,,6915,9,0,25 24,1,70,,6917,9,0,25 24,1,30,,6925,9,0,25 24,1,70,,6908,9,0,25 24,1
7501,'13',743,,6943,9,0,25 24,1,100,,6945,9,0,25 24,1,100,,6944,9,0,25 24,1,100,,6941,9,0,25 24,1,100,,6938,9,0,25 24,1,100,,6947,9,0,25 24,1,100,,6940,9,0,25 24,1,100,,6949,9,0,25 24,1,100,,6946,9,0,25 24,1,100,,6936,9,0,25 24,1,100,,6937,9,0,25 24,1,100,,6935,9,0,25 24,1,100,,6939,9,0,25 24,1,100,,6950,9,0,25 24,1,100,,6942,9,0,25 24,1,100,,6948,9,0,25 24,1
7501,'3',1843,,6972,9,0,25 24,1,70,,6975,9,0,25 24,1,30,,6961,9,0,25 24,1,70,,6977,9,0,25 24,1,30,,6971,9,0,25 24,1,70,,6979,9,0,25 24,1,30,,6963,9,0,25 24,1,70,,6967,9,0,25 24,1,30,,6974,9,0,25 24,1,70,,6955,9,0,25 24,1
