4001,'1',705,,7249,1,0,20 21 29 24,1,100,,7252,1,0,20 21 29 24,1,100,,7246,1,0,20 21 29 24,1,100,,7244,1,0,20 21 29 24,1,100,,7247,1,0,20 21 29 24,1,100,,7248,1,0,20 21 29 24,1,100,,7245,1,0,20 21 29 24,1,100,,7251,1,0,20 21 29 24,1,100,,7254,1,0,20 21 29 24,1,100,,7243,1,0,20 21 29 24,1,100,,5765,1,0,20 21 29 24,1,100,,7250,1,0,20 21 29 24,1,100,,7255,1,0,20 21 29 24,1,100,,7253,1,0,20 21 29 24,1,100,,7242,1,0,20 21 29 24,1,100,,7241,1,0,20 21 29 24,1
4001,'11',705,,7278,1,0,18 9 8 17,1,20,,7276,1,0,18 9 8 17,1,20,,7302,1,0,18 9 8 17,1,60,,7277,1,0,18 9 8 17,1,20,,7259,1,0,18 9 8 17,1,20,,7268,1,0,18 9 8 17,1,60,,7256,1,0,18 9 8 17,1,20,,7284,1,0,18 9 8 17,1,20,,7288,1,0,18 9 8 17,1,60,,7269,1,0,18 9 8 17,1,20,,7298,1,0,18 9 8 17,1,20,,7305,1,0,18 9 8 17,1,60,,7324,1,0,18 9 8 17,1,20,,7261,1,0,18 9 8 17,1,20,,7290,1,0,18 9 8 17,1,60,,7315,1,0,18 9 8 17,1,20,,7293,1,0,18 9 8 17,1,20,,7283,1,0,18 9 8 17,1,60,,7272,1,0,18 9 8 17,1,20,,7334,1,0,18 9 8 17,1,20,,7299,1,0,18 9 8 17,1,60,,7273,1,0,18 9 8 17,1,20,,7333,1,0,18 9 8 17,1,20,,7303,1,0,18 9 8 17,1,60,,6810,1,0,18 9 8 17,1,20,,7330,1,0,18 9 8 17,1,20,,7271,1,0,18 9 8 17,1,60,,7325,1,0,18 9 8 17,1,20,,7301,1,0,18 9 8 17,1,20,,7287,1,0,18 9 8 17,1,60,,7318,1,0,18 9 8 17,1,20,,7275,1,0,18 9 8 17,1,20,,7323,1,0,18 9 8 17,1,60,,7331,1,0,18 9 8 17,1,100,,7279,1,0,20 21 29 24,1,100,,7281,1,0,20 21 29 24,1,100,,7312,1,0,20 21 29 24,1,100,,7289,1,0,20 21 29 24,1
4001,'14',705,,7346,1,0,20 21 29 24,1,100,,7349,1,0,20 21 29 24,1,100,,7343,1,0,20 21 29 24,1,100,,7340,1,0,20 21 29 24,1,100,,7344,1,0,20 21 29 24,1,100,,7345,1,0,20 21 29 24,1,100,,7341,1,0,20 21 29 24,1,100,,7348,1,0,20 21 29 24,1,100,,7351,1,0,20 21 29 24,1,100,,7339,1,0,20 21 29 24,1,100,,7342,1,0,20 21 29 24,1,100,,7347,1,0,20 21 29 24,1,100,,7352,1,0,20 21 29 24,1,100,,7350,1,0,20 21 29 24,1,100,,7338,1,0,20 21 29 24,1,100,,7337,1,0,20 21 29 24,1
4001,'3',705,,7375,1,0,18 9 8 17,1,20,,7373,1,0,18 9 8 17,1,20,,7399,1,0,18 9 8 17,1,60,,7374,1,0,18 9 8 17,1,20,,7356,1,0,18 9 8 17,1,20,,7365,1,0,18 9 8 17,1,60,,7353,1,0,18 9 8 17,1,20,,7381,1,0,18 9 8 17,1,20,,7385,1,0,18 9 8 17,1,60,,7366,1,0,18 9 8 17,1,20,,7395,1,0,18 9 8 17,1,20,,7402,1,0,18 9 8 17,1,60,,7421,1,0,18 9 8 17,1,20,,7358,1,0,18 9 8 17,1,20,,7387,1,0,18 9 8 17,1,60,,7412,1,0,18 9 8 17,1,20,,7390,1,0,18 9 8 17,1,20,,7380,1,0,18 9 8 17,1,60,,7369,1,0,18 9 8 17,1,20,,7431,1,0,18 9 8 17,1,20,,7396,1,0,18 9 8 17,1,60,,7370,1,0,18 9 8 17,1,20,,7430,1,0,18 9 8 17,1,20,,7400,1,0,18 9 8 17,1,60,,6855,1,0,18 9 8 17,1,20,,7427,1,0,18 9 8 17,1,20,,7368,1,0,18 9 8 17,1,60,,7422,1,0,18 9 8 17,1,20,,7398,1,0,18 9 8 17,1,20,,7384,1,0,18 9 8 17,1,60,,7415,1,0,18 9 8 17,1,20,,7372,1,0,18 9 8 17,1,20,,7420,1,0,18 9 8 17,1,60,,7428,1,0,18 9 8 17,1,100,,7376,1,0,20 21 29 24,1,100,,7378,1,0,20 21 29 24,1,100,,7409,1,0,20 21 29 24,1,100,,7386,1,0,20 21 29 24,1
4501,'1',748,,7436,7,4,,1,100,,7446,7,4,,1,100,,7444,7,4,,1,100,,7439,7,4,,1,100,,7438,7,4,,1,100,,7442,7,4,,1,100,,7435,7,4,,1,100,,7447,7,4,,1,100,,7443,7,4,,1,100,,7437,7,4,,1,100,,7449,7,4,,1,100,,7448,7,4,,1,100,,7434,7,4,,1,100,,7441,7,4,,1,100,,7445,7,4,,1,100,,7440,7,4,,1
4501,'11',741,,7465,3,4,,1,7,,7520,5,4,,1,53,,7456,3,4,,1,20,,7490,3,4,,1,20,,7499,3,4,,1,7,,7473,5,4,,1,53,,7474,3,4,,1,20,,7485,3,4,,1,20,,7472,3,4,,1,7,,7502,5,4,,1,53,,7450,3,4,,1,20,,7483,3,4,,1,20,,7459,3,4,,1,7,,7507,5,4,,1,53,,7460,3,4,,1,20,,7505,3,4,,1,20,,7496,3,4,,1,7,,7517,5,4,,1,53,,7471,3,4,,1,20,,7530,3,4,,1,20,,7481,3,4,,1,7,,7461,5,4,,1,53,,7493,3,4,,1,20,,7519,3,4,,1,20,,7452,3,4,,1,7,,6516,5,4,,1,53,,7503,3,4,,1,20,,7470,3,4,,1,20,,7504,3,4,,1,7,,7458,5,4,,1,53,,7513,3,4,,1,20,,7510,3,4,,1,20,,7515,3,4,,1,7,,7463,5,4,,1,53,,7495,3,4,,1,20,,7462,3,4,,1,20,,7509,3,4,,1,7,,7511,5,4,,1,53,,7489,3,4,,1,20,,7453,3,4,,1,20,,7516,3,4,,1,7,,7451,5,4,,1,53,,7478,3,4,,1,20,,7500,3,4,,1,20,,7525,3,4,,1,7,,7524,7,4,,1,100,,7523,7,4,,1,100,,7475,7,4,,1,100,,7497,7,4,,1,100,,7477,7,4,,1
4501,'14',748,,7533,7,4,,1,100,,5500,7,4,,1,100,,7541,7,4,,1,100,,7536,7,4,,1,100,,7535,7,4,,1,100,,7539,7,4,,1,100,,7532,7,4,,1,100,,7543,7,4,,1,100,,7540,7,4,,1,100,,7534,7,4,,1,100,,7545,7,4,,1,100,,7544,7,4,,1,100,,7531,7,4,,1,100,,7538,7,4,,1,100,,7542,7,4,,1,100,,7537,7,4,,1
4501,'3',741,,7561,3,4,,1,7,,7616,5,4,,1,53,,7552,3,4,,1,20,,7586,3,4,,1,20,,7595,3,4,,1,7,,7569,5,4,,1,53,,7570,3,4,,1,20,,7581,3,4,,1,20,,7568,3,4,,1,7,,7598,5,4,,1,53,,7546,3,4,,1,20,,7579,3,4,,1,20,,7555,3,4,,1,7,,7603,5,4,,1,53,,7556,3,4,,1,20,,7601,3,4,,1,20,,7592,3,4,,1,7,,7613,5,4,,1,53,,7567,3,4,,1,20,,7626,3,4,,1,20,,7577,3,4,,1,7,,7557,5,4,,1,53,,7589,3,4,,1,20,,7615,3,4,,1,20,,7548,3,4,,1,7,,6582,5,4,,1,53,,7599,3,4,,1,20,,7566,3,4,,1,20,,7600,3,4,,1,7,,7554,5,4,,1,53,,7609,3,4,,1,20,,7606,3,4,,1,20,,7611,3,4,,1,7,,7559,5,4,,1,53,,7591,3,4,,1,20,,7558,3,4,,1,20,,7605,3,4,,1,7,,7607,5,4,,1,53,,7585,3,4,,1,20,,7549,3,4,,1,20,,7612,3,4,,1,7,,7547,5,4,,1,53,,7574,3,4,,1,20,,7596,3,4,,1,20,,7621,3,4,,1,7,,7620,7,4,,1,100,,7619,7,4,,1,100,,7571,7,4,,1,100,,7593,7,4,,1,100,,7573,7,4,,1
5001,'1',705,,7632,1,0,20 21 23 24,1,100,,7629,1,0,20 21 23 24,1,100,,7640,1,0,20 21 23 24,1,100,,7635,1,0,20 21 23 24,1,100,,7636,1,0,20 21 23 24,1,100,,5806,1,0,20 21 23 24,1,100,,7637,1,0,20 21 23 24,1,100,,7633,1,0,20 21 23 24,1,100,,7630,1,0,20 21 23 24,1,100,,7639,1,0,20 21 23 24,1,100,,7631,1,0,20 21 23 24,1,100,,7628,1,0,20 21 23 24,1,100,,7634,1,0,20 21 23 24,1,100,,7641,1,0,20 21 23 24,1,100,,7638,1,0,20 21 23 24,1,100,,7627,1,0,20 21 23 24,1
5001,'11',705,,7645,1,0,11 2 23 24,1,100,,7642,1,0,11 2 23 24,1,100,,7646,1,0,11 2 23 24,1,100,,7647,1,0,11 2 23 24,1,100,,7650,1,0,11 2 23 24,1,100,,7648,1,0,11 2 23 24,1,100,,7643,1,0,11 2 23 24,1,100,,7649,1,0,11 2 23 24,1,100,,7654,1,0,11 2 23 24,1,100,,7652,1,0,11 2 23 24,1,100,,7656,1,0,11 2 23 24,1,100,,7655,1,0,20 21 23 24,1,100,,7644,1,0,20 21 23 24,1,100,,7651,1,0,20 21 23 24,1,100,,6914,1,0,20 21 23 24,1,100,,7653,1,0,20 21 23 24,1
5001,'14',705,,7662,1,0,20 21 23 24,1,100,,7659,1,0,20 21 23 24,1,100,,7671,1,0,20 21 23 24,1,100,,7666,1,0,20 21 23 24,1,100,,7667,1,0,20 21 23 24,1,100,,7664,1,0,20 21 23 24,1,100,,7668,1,0,20 21 23 24,1,100,,7663,1,0,20 21 23 24,1,100,,7660,1,0,20 21 23 24,1,100,,7670,1,0,20 21 23 24,1,100,,7661,1,0,20 21 23 24,1,100,,7658,1,0,20 21 23 24,1,100,,7665,1,0,20 21 23 24,1,100,,7672,1,0,20 21 23 24,1,100,,7669,1,0,20 21 23 24,1,100,,7657,1,0,20 21 23 24,1
5001,'3',705,,7676,1,0,11 2 23 24,1,100,,7673,1,0,11 2 23 24,1,100,,7677,1,0,11 2 23 24,1,100,,7678,1,0,11 2 23 24,1,100,,7681,1,0,11 2 23 24,1,100,,7679,1,0,11 2 23 24,1,100,,7674,1,0,11 2 23 24,1,100,,7680,1,0,11 2 23 24,1,100,,7685,1,0,11 2 23 24,1,100,,7683,1,0,11 2 23 24,1,100,,7687,1,0,11 2 23 24,1,100,,7686,1,0,20 21 23 24,1,100,,7675,1,0,20 21 23 24,1,100,,7682,1,0,20 21 23 24,1,100,,6962,1,0,20 21 23 24,1,100,,7684,1,0,20 21 23 24,1
5501,'1',744,,7702,12,4,,1,100,,7694,12,4,,1,100,,7689,12,4,,1,100,,7695,12,4,,1,100,,7699,12,4,,1,100,,7692,12,4,,1,100,,7691,12,4,,1,100,,7700,12,4,,1,100,,7697,12,4,,1,100,,7698,12,4,,1,100,,7701,12,4,,1,100,,7696,12,4,,1,100,,7690,12,4,,1,100,,7693,12,4,,1,100,,7688,12,4,,1,100,,7703,12,4,,1
5501,'11',741,,7716,11,4,,1,100,,7714,11,4,,1,100,,7707,11,4,,1,100,,7704,11,4,,1,100,,7711,11,4,,1,100,,7709,11,4,,1,100,,7715,11,4,,1,100,,7708,11,4,,1,100,,7705,11,4,,1,100,,7712,11,4,,1,100,,7706,11,4,,1,103,,7717,12,4,,1,100,,7710,12,4,,1,100,,7713,12,4,,1,100,,7719,12,4,,1,100,,7718,12,4,,1
5501,'14',744,,7733,12,4,,1,100,,7726,12,4,,1,100,,7721,12,4,,1,100,,7727,12,4,,1,100,,7730,12,4,,1,100,,7724,12,4,,1,100,,7723,12,4,,1,100,,7731,12,4,,1,100,,7728,12,4,,1,100,,7729,12,4,,1,100,,7732,12,4,,1,100,,6217,12,4,,1,100,,7722,12,4,,1,100,,7725,12,4,,1,100,,7720,12,4,,1,100,,7734,12,4,,1
5501,'3',741,,7747,11,4,,1,100,,7745,11,4,,1,100,,7738,11,4,,1,100,,7735,11,4,,1,100,,7742,11,4,,1,100,,7740,11,4,,1,100,,7746,11,4,,1,100,,7739,11,4,,1,100,,7736,11,4,,1,100,,7743,11,4,,1,100,,7737,11,4,,1,103,,7748,12,4,,1,100,,7741,12,4,,1,100,,7744,12,4,,1,100,,7750,12,4,,1,100,,7749,12,4,,1
6001,'1',700,,7753,1,0,20 21 7,1,100,,7757,1,0,20 21 7,1,100,,7754,1,0,20 21 7,1,100,,7758,1,0,20 21 7,1,100,,7759,1,0,20 21 7,1,100,,7751,1,0,20 21 7,1,100,,7762,1,0,20 21 7,1,100,,7752,1,0,20 21 7,1,100,,7763,1,0,20 21 7,1,100,,7761,1,0,20 21 7,1,100,,7760,1,0,20 21 7,1,100,,7755,1,0,20 21 7,1,100,,7764,1,0,20 21 7,1,100,,7765,1,0,20 21 7,1,100,,7756,1,0,20 21 7,1,100,,7766,1,0,20 21 7,1
6001,'11',700,,7771,1,0,11 2 7,1,17,,7810,1,0,18 2 7 8 17,1,13,,7770,1,0,11 2 7,1,15,,7793,1,0,18 2 7 8 17,1,55,,7812,1,0,11 2 7,1,17,,7805,1,0,18 2 7 8 17,1,13,,7782,1,0,11 2 7,1,15,,7767,1,0,18 2 7 8 17,1,55,,7802,1,0,11 2 7,1,30,,7784,1,0,11 2 7,1,15,,7798,1,0,18 2 7 8 17,1,55,,7797,1,0,11 2 7,1,30,,7801,1,0,11 2 7,1,70,,7804,1,0,11 2 7,1,30,,7813,1,0,11 2 7,1,70,,7814,1,0,11 2 7,1,30,,7786,1,0,11 2 7,1,70,,7816,1,0,11 2 7,1,30,,7799,1,0,11 2 7,1,70,,7773,1,0,11 2 7,1,30,,7776,1,0,11 2 7,1,70,,7789,1,0,11 2 7,1,30,,5874,1,0,11 2 7,1,17,,7788,1,0,18 2 7 8 17,1,53,,7795,1,0,11 2 7,1,17,,7809,1,0,18 2 7 8 17,1,13,,7787,1,0,11 2 7,1,17,,6493,1,0,18 2 7 8 17,1,53,,7780,1,0,11 2 7,1,17,,7803,1,0,18 2 7 8 17,1,13,,7775,1,0,11 2 7,1,17,,7778,1,0,18 2 7 8 17,1,53,,7791,1,0,20 21 7,1,30,,7792,1,0,20 21 7,1,70,,5873,1,0,20 21 7,1,30,,7768,1,0,20 21 7,1,70,,7790,1,0,20 21 7,1,30,,7815,1,0,20 21 7,1,70,,7774,1,0,20 21 7,1,30,,7807,1,0,20 21 7,1,70,,7779,1,0,20 21 7,1,30,,7808,1,0,20 21 7,1
6001,'14',700,,7819,1,0,20 21 7,1,100,,7823,1,0,20 21 7,1,100,,7820,1,0,20 21 7,1,100,,7824,1,0,20 21 7,1,100,,7825,1,0,20 21 7,1,100,,7817,1,0,20 21 7,1,100,,7828,1,0,20 21 7,1,100,,7818,1,0,20 21 7,1,100,,7829,1,0,20 21 7,1,100,,7827,1,0,20 21 7,1,100,,7826,1,0,20 21 7,1,100,,7821,1,0,20 21 7,1,100,,7830,1,0,20 21 7,1,100,,7831,1,0,20 21 7,1,100,,7822,1,0,20 21 7,1,100,,7832,1,0,20 21 7,1
6001,'3',700,,7837,1,0,11 2 7,1,17,,7876,1,0,18 2 7 8 17,1,13,,7836,1,0,11 2 7,1,15,,7859,1,0,18 2 7 8 17,1,55,,7878,1,0,11 2 7,1,17,,7871,1,0,18 2 7 8 17,1,13,,7848,1,0,11 2 7,1,15,,7833,1,0,18 2 7 8 17,1,55,,7868,1,0,11 2 7,1,30,,7850,1,0,11 2 7,1,15,,7864,1,0,18 2 7 8 17,1,55,,7863,1,0,11 2 7,1,30,,7867,1,0,11 2 7,1,70,,7870,1,0,11 2 7,1,30,,7879,1,0,11 2 7,1,70,,7880,1,0,11 2 7,1,30,,7852,1,0,11 2 7,1,70,,7882,1,0,11 2 7,1,30,,7865,1,0,11 2 7,1,70,,7839,1,0,11 2 7,1,30,,7842,1,0,11 2 7,1,70,,7855,1,0,11 2 7,1,30,,5970,1,0,11 2 7,1,17,,7854,1,0,18 2 7 8 17,1,53,,7861,1,0,11 2 7,1,17,,7875,1,0,18 2 7 8 17,1,13,,7853,1,0,11 2 7,1,17,,6559,1,0,18 2 7 8 17,1,53,,7846,1,0,11 2 7,1,17,,7869,1,0,18 2 7 8 17,1,13,,7841,1,0,11 2 7,1,17,,7844,1,0,18 2 7 8 17,1,53,,7857,1,0,20 21 7,1,30,,7858,1,0,20 21 7,1,70,,5969,1,0,20 21 7,1,30,,7834,1,0,20 21 7,1,70,,7856,1,0,20 21 7,1,30,,7881,1,0,20 21 7,1,70,,7840,1,0,20 21 7,1,30,,7873,1,0,20 21 7,1,70,,7845,1,0,20 21 7,1,30,,7874,1,0,20 21 7,1
6501,'1',744,,7891,9,4,,1,100,,7884,9,4,,1,100,,7894,9,4,,1,100,,7890,9,4,,1,100,,7887,9,4,,1,100,,7883,9,4,,1,100,,7897,9,4,,1,100,,7893,9,4,,1,100,,7888,9,4,,1,100,,7889,9,4,,1,100,,7892,9,4,,1,100,,7885,9,4,,1,100,,7895,9,4,,1,100,,7896,9,4,,1,100,,7886,9,4,,1,100,,7898,9,4,,1
6501,'11',744,,7917,7,4,,1,70,,7945,7,4,,1,30,,7900,3,4,,1,70,,7907,7,4,,1,30,,7924,3,4,,1,70,,7903,7,4,,1,30,,7929,7,4,,1,70,,7904,7,4,,1,30,,7906,7,4,,1,70,,7920,7,4,,1,30,,7905,7,4,,1,70,,7930,7,4,,1,30,,7949,7,4,,1,70,,7950,7,4,,1,30,,7928,7,4,,1,70,,7909,7,4,,1,30,,7901,7,4,,1,2,,7916,3,4,,1,68,,7936,7,4,,1,2,,7911,3,4,,1,28,,7938,7,4,,1,2,,7947,3,4,,1,68,,7941,7,4,,1,2,,7912,3,4,,1,28,,7927,7,4,,1,2,,7923,3,4,,1,68,,7915,7,4,,1,2,,7926,3,4,,1,28,,7925,9,4,,1,2,,7899,3,4,,1,68,,6931,9,4,,1,30,,7910,9,4,,1,70,,7943,9,4,,1,30,,7935,9,4,,1,70,,7940,9,4,,1,30,,7919,9,4,,1,70,,7922,9,4,,1,30,,7934,9,4,,1,70,,7902,9,4,,1
6501,'14',744,,7958,9,4,,1,100,,7952,9,4,,1,100,,7961,9,4,,1,100,,7957,9,4,,1,100,,7954,9,4,,1,100,,7951,9,4,,1,100,,7964,9,4,,1,100,,7960,9,4,,1,100,,7955,9,4,,1,100,,7956,9,4,,1,100,,7959,9,4,,1,100,,5489,9,4,,1,100,,7962,9,4,,1,100,,7963,9,4,,1,100,,7953,9,4,,1,100,,7965,9,4,,1
6501,'3',744,,7984,7,4,,1,70,,8013,7,4,,1,30,,7967,3,4,,1,70,,7974,7,4,,1,30,,7991,3,4,,1,70,,7970,7,4,,1,30,,7996,7,4,,1,70,,7971,7,4,,1,30,,7973,7,4,,1,70,,7987,7,4,,1,30,,7972,7,4,,1,70,,7997,7,4,,1,30,,8017,7,4,,1,70,,8018,7,4,,1,30,,7995,7,4,,1,70,,7976,7,4,,1,30,,7968,7,4,,1,2,,7983,3,4,,1,68,,8003,7,4,,1,2,,7978,3,4,,1,28,,8005,7,4,,1,2,,8015,3,4,,1,68,,8009,7,4,,1,2,,7979,3,4,,1,28,,7994,7,4,,1,2,,7990,3,4,,1,68,,7982,7,4,,1,2,,7993,3,4,,1,28,,7992,9,4,,1,2,,7966,3,4,,1,68,,8007,9,4,,1,30,,7977,9,4,,1,70,,8011,9,4,,1,30,,8002,9,4,,1,70,,8008,9,4,,1,30,,7986,9,4,,1,70,,7989,9,4,,1,30,,8001,9,4,,1,70,,7969,9,4,,1
