3400,'15',735,,2607,4,0,5 6 7 8 2 9 8,1,170,,2608,4,0,5 6 7 8 2 9 8,1,130,,2609,4,0,5 6 7 8 2 9 8,1,170,,2613,4,0,5 6 7 8 2 9 8,1,130,,2615,4,0,5 6 7 8 2 9 8,1,170,,2614,4,0,5 6 7 8 2 9 8,1,130,,2612,4,0,5 6 7 8 2 9 8,1,170,,2616,4,0,5 6 7 8 2 9 8,1,130,,2611,4,0,5 6 7 8 2 9 8,1,170,,2610,4,0,5 6 7 8 2 9 8,1
3400,'16',735,,2617,4,0,5 6 7 8 2 9 8,1,170,,477,4,0,5 6 7 8 2 9 8,1,130,,2618,4,0,5 6 7 8 2 9 8,1,170,,2621,4,0,5 6 7 8 2 9 8,1,130,,2623,4,0,5 6 7 8 2 9 8,1,170,,2622,4,0,5 6 7 8 2 9 8,1,130,,2620,4,0,5 6 7 8 2 9 8,1,170,,2624,4,0,5 6 7 8 2 9 8,1,130,,333,4,0,5 6 7 8 2 9 8,1,170,,2619,4,0,5 6 7 8 2 9 8,1
3400,'17',735,,2625,4,0,5 6 7 8 2 9 8,1,170,,587,4,0,5 6 7 8 2 9 8,1,130,,2626,4,0,5 6 7 8 2 9 8,1,170,,2629,4,0,5 6 7 8 2 9 8,1,130,,2631,4,0,5 6 7 8 2 9 8,1,170,,2630,4,0,5 6 7 8 2 9 8,1,130,,2628,4,0,5 6 7 8 2 9 8,1,170,,2632,4,0,5 6 7 8 2 9 8,1,130,,343,4,0,5 6 7 8 2 9 8,1,170,,2627,4,0,5 6 7 8 2 9 8,1
3400,'19',735,,2633,4,0,5 6 7 8 2 9 8,1,170,,2634,4,0,5 6 7 8 2 9 8,1,130,,2635,4,0,5 6 7 8 2 9 8,1,170,,2639,4,0,5 6 7 8 2 9 8,1,130,,2641,4,0,5 6 7 8 2 9 8,1,170,,2640,4,0,5 6 7 8 2 9 8,1,130,,2638,4,0,5 6 7 8 2 9 8,1,170,,2642,4,0,5 6 7 8 2 9 8,1,130,,2637,4,0,5 6 7 8 2 9 8,1,170,,2636,4,0,5 6 7 8 2 9 8,1
3400,'5',735,,2643,4,0,5 6 7 8 2 9 8,1,170,,714,4,0,5 6 7 8 2 9 8,1,130,,2644,4,0,5 6 7 8 2 9 8,1,170,,2647,4,0,5 6 7 8 2 9 8,1,130,,2649,4,0,5 6 7 8 2 9 8,1,170,,2648,4,0,5 6 7 8 2 9 8,1,130,,2646,4,0,5 6 7 8 2 9 8,1,170,,2650,4,0,5 6 7 8 2 9 8,1,130,,353,4,0,5 6 7 8 2 9 8,1,170,,2645,4,0,5 6 7 8 2 9 8,1
3400,'6',735,,2651,4,0,5 6 7 8 2 9 8,1,170,,2652,4,0,5 6 7 8 2 9 8,1,130,,2653,4,0,5 6 7 8 2 9 8,1,170,,2657,4,0,5 6 7 8 2 9 8,1,130,,2659,4,0,5 6 7 8 2 9 8,1,170,,2658,4,0,5 6 7 8 2 9 8,1,130,,2656,4,0,5 6 7 8 2 9 8,1,170,,2660,4,0,5 6 7 8 2 9 8,1,130,,2655,4,0,5 6 7 8 2 9 8,1,170,,2654,4,0,5 6 7 8 2 9 8,1
3401,'15',748,,2662,3,0,5 6 7 8 2 7 10,1,170,,2666,3,0,5 6 7 8 2 7 10,1,130,,2669,3,0,5 6 7 8 2 7 10,1,170,,2661,3,0,5 6 7 8 2 7 10,1,130,,2664,3,0,5 6 7 8 2 7 10,1,170,,2665,3,0,5 6 7 8 2 7 10,1,130,,2663,3,0,5 6 7 8 2 7 10,1,170,,2668,3,0,5 6 7 8 2 7 10,1,130,,2670,3,0,5 6 7 8 2 7 10,1,170,,2667,3,0,5 6 7 8 2 7 10,1
3401,'16',748,,2672,3,0,5 6 7 8 2 7 10,1,170,,2676,3,0,5 6 7 8 2 7 10,1,130,,2679,3,0,5 6 7 8 2 7 10,1,170,,2671,3,0,5 6 7 8 2 7 10,1,130,,2674,3,0,5 6 7 8 2 7 10,1,170,,2675,3,0,5 6 7 8 2 7 10,1,130,,2673,3,0,5 6 7 8 2 7 10,1,170,,2678,3,0,5 6 7 8 2 7 10,1,130,,2680,3,0,5 6 7 8 2 7 10,1,170,,2677,3,0,5 6 7 8 2 7 10,1
3401,'17',748,,2682,3,0,5 6 7 8 2 7 10,1,170,,2686,3,0,5 6 7 8 2 7 10,1,130,,2689,3,0,5 6 7 8 2 7 10,1,170,,2681,3,0,5 6 7 8 2 7 10,1,130,,2684,3,0,5 6 7 8 2 7 10,1,170,,2685,3,0,5 6 7 8 2 7 10,1,130,,2683,3,0,5 6 7 8 2 7 10,1,170,,2688,3,0,5 6 7 8 2 7 10,1,130,,2690,3,0,5 6 7 8 2 7 10,1,170,,2687,3,0,5 6 7 8 2 7 10,1
3401,'19',748,,2692,3,0,5 6 7 8 2 7 10,1,170,,2696,3,0,5 6 7 8 2 7 10,1,130,,2699,3,0,5 6 7 8 2 7 10,1,170,,2691,3,0,5 6 7 8 2 7 10,1,130,,2694,3,0,5 6 7 8 2 7 10,1,170,,2695,3,0,5 6 7 8 2 7 10,1,130,,2693,3,0,5 6 7 8 2 7 10,1,170,,2698,3,0,5 6 7 8 2 7 10,1,130,,2700,3,0,5 6 7 8 2 7 10,1,170,,2697,3,0,5 6 7 8 2 7 10,1
3401,'5',748,,2702,3,0,5 6 7 8 2 7 10,1,170,,2706,3,0,5 6 7 8 2 7 10,1,130,,2709,3,0,5 6 7 8 2 7 10,1,170,,2701,3,0,5 6 7 8 2 7 10,1,130,,2704,3,0,5 6 7 8 2 7 10,1,170,,2705,3,0,5 6 7 8 2 7 10,1,130,,2703,3,0,5 6 7 8 2 7 10,1,170,,2708,3,0,5 6 7 8 2 7 10,1,130,,2710,3,0,5 6 7 8 2 7 10,1,170,,2707,3,0,5 6 7 8 2 7 10,1
3401,'6',748,,2712,3,0,5 6 7 8 2 7 10,1,170,,2716,3,0,5 6 7 8 2 7 10,1,130,,2719,3,0,5 6 7 8 2 7 10,1,170,,2711,3,0,5 6 7 8 2 7 10,1,130,,2714,3,0,5 6 7 8 2 7 10,1,170,,2715,3,0,5 6 7 8 2 7 10,1,130,,2713,3,0,5 6 7 8 2 7 10,1,170,,2718,3,0,5 6 7 8 2 7 10,1,130,,2720,3,0,5 6 7 8 2 7 10,1,170,,2717,3,0,5 6 7 8 2 7 10,1
