5001,'10',722,,4079,7,0,20 21 23 24,1,100,,4087,7,0,20 21 23 24,1,100,,4076,7,0,20 21 23 24,1,100,,4074,7,0,20 21 23 24,1,100,,4075,7,0,20 21 23 24,1,100,,4080,7,0,20 21 23 24,1,100,,4081,7,0,20 21 23 24,1,100,,4077,7,0,20 21 23 24,1,100,,4073,7,0,20 21 23 24,1,100,,4084,7,0,20 21 23 24,1,100,,4082,7,0,20 21 23 24,1,100,,4083,7,0,20 21 23 24,1,100,,4078,7,0,20 21 23 24,1,100,,4085,7,0,20 21 23 24,1,100,,4086,7,0,20 21 23 24,1,100,,4088,7,0,20 21 23 24,1
5001,'15',722,,4104,6,0,11 2 23 24,1,100,,4094,6,0,11 2 23 24,1,100,,4092,6,0,11 2 23 24,1,100,,4103,6,0,11 2 23 24,1,100,,4100,6,0,11 2 23 24,1,100,,4089,6,0,11 2 23 24,1,100,,4096,6,0,11 2 23 24,1,100,,4090,6,0,11 2 23 24,1,100,,4093,6,0,11 2 23 24,1,100,,4097,6,0,11 2 23 24,1,100,,4095,6,0,11 2 23 24,1,100,,4102,7,0,20 21 23 24,1,100,,4101,7,0,20 21 23 24,1,100,,4091,7,0,20 21 23 24,1,100,,4098,7,0,20 21 23 24,1,100,,4099,7,0,20 21 23 24,1
5001,'16',722,,4119,6,0,11 2 23 24,1,100,,4109,6,0,11 2 23 24,1,100,,4107,6,0,11 2 23 24,1,100,,4118,6,0,11 2 23 24,1,100,,4115,6,0,11 2 23 24,1,100,,4105,6,0,11 2 23 24,1,100,,4111,6,0,11 2 23 24,1,100,,4106,6,0,11 2 23 24,1,100,,4108,6,0,11 2 23 24,1,100,,4112,6,0,11 2 23 24,1,100,,4110,6,0,11 2 23 24,1,100,,4117,7,0,20 21 23 24,1,100,,4116,7,0,20 21 23 24,1,100,,291,7,0,20 21 23 24,1,100,,4113,7,0,20 21 23 24,1,100,,4114,7,0,20 21 23 24,1
5001,'17',722,,4134,6,0,11 2 23 24,1,100,,4124,6,0,11 2 23 24,1,100,,4122,6,0,11 2 23 24,1,100,,4133,6,0,11 2 23 24,1,100,,4130,6,0,11 2 23 24,1,100,,4120,6,0,11 2 23 24,1,100,,4126,6,0,11 2 23 24,1,100,,4121,6,0,11 2 23 24,1,100,,4123,6,0,11 2 23 24,1,100,,4127,6,0,11 2 23 24,1,100,,4125,6,0,11 2 23 24,1,100,,4132,7,0,20 21 23 24,1,100,,4131,7,0,20 21 23 24,1,100,,301,7,0,20 21 23 24,1,100,,4128,7,0,20 21 23 24,1,100,,4129,7,0,20 21 23 24,1
5001,'19',722,,4150,6,0,11 2 23 24,1,100,,4140,6,0,11 2 23 24,1,100,,4138,6,0,11 2 23 24,1,100,,4149,6,0,11 2 23 24,1,100,,4146,6,0,11 2 23 24,1,100,,4135,6,0,11 2 23 24,1,100,,4142,6,0,11 2 23 24,1,100,,4136,6,0,11 2 23 24,1,100,,4139,6,0,11 2 23 24,1,100,,4143,6,0,11 2 23 24,1,100,,4141,6,0,11 2 23 24,1,100,,4148,7,0,20 21 23 24,1,100,,4147,7,0,20 21 23 24,1,100,,4137,7,0,20 21 23 24,1,100,,4144,7,0,20 21 23 24,1,100,,4145,7,0,20 21 23 24,1
5001,'21',722,,4157,7,0,20 21 23 24,1,100,,4165,7,0,20 21 23 24,1,100,,4154,7,0,20 21 23 24,1,100,,4152,7,0,20 21 23 24,1,100,,4153,7,0,20 21 23 24,1,100,,4158,7,0,20 21 23 24,1,100,,4159,7,0,20 21 23 24,1,100,,4155,7,0,20 21 23 24,1,100,,4151,7,0,20 21 23 24,1,100,,4162,7,0,20 21 23 24,1,100,,4160,7,0,20 21 23 24,1,100,,4161,7,0,20 21 23 24,1,100,,4156,7,0,20 21 23 24,1,100,,4163,7,0,20 21 23 24,1,100,,4164,7,0,20 21 23 24,1,100,,4166,7,0,20 21 23 24,1
5001,'5',722,,4181,6,0,11 2 23 24,1,100,,4171,6,0,11 2 23 24,1,100,,4169,6,0,11 2 23 24,1,100,,4180,6,0,11 2 23 24,1,100,,4177,6,0,11 2 23 24,1,100,,4167,6,0,11 2 23 24,1,100,,4173,6,0,11 2 23 24,1,100,,4168,6,0,11 2 23 24,1,100,,4170,6,0,11 2 23 24,1,100,,4174,6,0,11 2 23 24,1,100,,4172,6,0,11 2 23 24,1,100,,4179,7,0,20 21 23 24,1,100,,4178,7,0,20 21 23 24,1,100,,311,7,0,20 21 23 24,1,100,,4175,7,0,20 21 23 24,1,100,,4176,7,0,20 21 23 24,1
5001,'6',722,,4197,6,0,11 2 23 24,1,100,,4187,6,0,11 2 23 24,1,100,,4185,6,0,11 2 23 24,1,100,,4196,6,0,11 2 23 24,1,100,,4193,6,0,11 2 23 24,1,100,,4182,6,0,11 2 23 24,1,100,,4189,6,0,11 2 23 24,1,100,,4183,6,0,11 2 23 24,1,100,,4186,6,0,11 2 23 24,1,100,,4190,6,0,11 2 23 24,1,100,,4188,6,0,11 2 23 24,1,100,,4195,7,0,20 21 23 24,1,100,,4194,7,0,20 21 23 24,1,100,,4184,7,0,20 21 23 24,1,100,,4191,7,0,20 21 23 24,1,100,,4192,7,0,20 21 23 24,1
5501,'10',729,,4201,8,0,20 21 5 12,1,100,,4206,8,0,20 21 5 12,1,100,,4210,8,0,20 21 5 12,1,100,,4202,8,0,20 21 5 12,1,100,,4199,8,0,20 21 5 12,1,100,,4204,8,0,20 21 5 12,1,100,,4213,8,0,20 21 5 12,1,100,,4198,8,0,20 21 5 12,1,100,,4208,8,0,20 21 5 12,1,100,,4209,8,0,20 21 5 12,1,100,,4211,8,0,20 21 5 12,1,100,,4207,8,0,20 21 5 12,1,100,,4205,8,0,20 21 5 12,1,100,,4203,8,0,20 21 5 12,1,100,,4212,8,0,20 21 5 12,1,100,,4200,8,0,20 21 5 12,1
5501,'15',726,,4229,7,0,11 2 5 12,1,100,,4222,7,0,11 2 5 12,1,100,,4214,7,0,11 2 5 12,1,100,,4219,7,0,11 2 5 12,1,100,,4224,7,0,11 2 5 12,1,100,,4215,7,0,11 2 5 12,1,100,,4228,7,0,11 2 5 12,1,100,,4221,7,0,11 2 5 12,1,100,,4217,7,0,11 2 5 12,1,100,,4223,7,0,11 2 5 12,1,100,,4216,7,0,11 2 5 12,1,103,,4226,8,0,20 21 5 12,1,100,,4220,8,0,20 21 5 12,1,100,,4218,8,0,20 21 5 12,1,100,,4225,8,0,20 21 5 12,1,100,,4227,8,0,20 21 5 12,1
5501,'16',726,,4245,7,0,11 2 5 12,1,100,,4238,7,0,11 2 5 12,1,100,,4230,7,0,11 2 5 12,1,100,,4235,7,0,11 2 5 12,1,100,,4240,7,0,11 2 5 12,1,100,,4231,7,0,11 2 5 12,1,100,,4244,7,0,11 2 5 12,1,100,,4237,7,0,11 2 5 12,1,100,,4233,7,0,11 2 5 12,1,100,,4239,7,0,11 2 5 12,1,100,,4232,7,0,11 2 5 12,1,103,,4242,8,0,20 21 5 12,1,100,,4236,8,0,20 21 5 12,1,100,,4234,8,0,20 21 5 12,1,100,,4241,8,0,20 21 5 12,1,100,,4243,8,0,20 21 5 12,1
5501,'17',726,,4261,7,0,11 2 5 12,1,100,,4254,7,0,11 2 5 12,1,100,,4246,7,0,11 2 5 12,1,100,,4251,7,0,11 2 5 12,1,100,,4256,7,0,11 2 5 12,1,100,,4247,7,0,11 2 5 12,1,100,,4260,7,0,11 2 5 12,1,100,,4253,7,0,11 2 5 12,1,100,,4249,7,0,11 2 5 12,1,100,,4255,7,0,11 2 5 12,1,100,,4248,7,0,11 2 5 12,1,103,,4258,8,0,20 21 5 12,1,100,,4252,8,0,20 21 5 12,1,100,,4250,8,0,20 21 5 12,1,100,,4257,8,0,20 21 5 12,1,100,,4259,8,0,20 21 5 12,1
5501,'19',726,,4277,7,0,11 2 5 12,1,100,,4270,7,0,11 2 5 12,1,100,,4262,7,0,11 2 5 12,1,100,,4267,7,0,11 2 5 12,1,100,,4272,7,0,11 2 5 12,1,100,,4263,7,0,11 2 5 12,1,100,,4276,7,0,11 2 5 12,1,100,,4269,7,0,11 2 5 12,1,100,,4265,7,0,11 2 5 12,1,100,,4271,7,0,11 2 5 12,1,100,,4264,7,0,11 2 5 12,1,103,,4274,8,0,20 21 5 12,1,100,,4268,8,0,20 21 5 12,1,100,,4266,8,0,20 21 5 12,1,100,,4273,8,0,20 21 5 12,1,100,,4275,8,0,20 21 5 12,1
5501,'21',729,,4281,8,0,20 21 5 12,1,100,,4286,8,0,20 21 5 12,1,100,,4290,8,0,20 21 5 12,1,100,,4282,8,0,20 21 5 12,1,100,,4279,8,0,20 21 5 12,1,100,,4284,8,0,20 21 5 12,1,100,,4293,8,0,20 21 5 12,1,100,,4278,8,0,20 21 5 12,1,100,,4288,8,0,20 21 5 12,1,100,,4289,8,0,20 21 5 12,1,100,,4291,8,0,20 21 5 12,1,100,,4287,8,0,20 21 5 12,1,100,,4285,8,0,20 21 5 12,1,100,,4283,8,0,20 21 5 12,1,100,,4292,8,0,20 21 5 12,1,100,,4280,8,0,20 21 5 12,1
5501,'5',726,,4309,7,0,11 2 5 12,1,100,,4302,7,0,11 2 5 12,1,100,,4294,7,0,11 2 5 12,1,100,,4299,7,0,11 2 5 12,1,100,,4304,7,0,11 2 5 12,1,100,,4295,7,0,11 2 5 12,1,100,,4308,7,0,11 2 5 12,1,100,,4301,7,0,11 2 5 12,1,100,,4297,7,0,11 2 5 12,1,100,,4303,7,0,11 2 5 12,1,100,,4296,7,0,11 2 5 12,1,103,,4306,8,0,20 21 5 12,1,100,,4300,8,0,20 21 5 12,1,100,,4298,8,0,20 21 5 12,1,100,,4305,8,0,20 21 5 12,1,100,,4307,8,0,20 21 5 12,1
5501,'6',726,,4325,7,0,11 2 5 12,1,100,,4318,7,0,11 2 5 12,1,100,,4310,7,0,11 2 5 12,1,100,,4315,7,0,11 2 5 12,1,100,,4320,7,0,11 2 5 12,1,100,,4311,7,0,11 2 5 12,1,100,,4324,7,0,11 2 5 12,1,100,,4317,7,0,11 2 5 12,1,100,,4313,7,0,11 2 5 12,1,100,,4319,7,0,11 2 5 12,1,100,,4312,7,0,11 2 5 12,1,103,,4322,8,0,20 21 5 12,1,100,,4316,8,0,20 21 5 12,1,100,,4314,8,0,20 21 5 12,1,100,,4321,8,0,20 21 5 12,1,100,,4323,8,0,20 21 5 12,1
