4001,'11',747,,218,4,,1,100,,209,4,,1,100,,220,4,,1,100,,208,4,,1,100,,215,4,,1,100,,213,4,,1,100,,210,4,,1,100,,219,4,,1,100,,214,4,,1,100,,217,4,,1,100,,206,4,,1,100,,221,4,,1,100,,211,4,,1,100,,212,4,,1,100,,216,4,,1,100,,207,4,,1
4001,'2',732,,274,4,,1,15,,256,4,,1,5,,233,4,,1,60,,222,4,,1,20,,309,4,,1,15,,314,4,,1,5,,330,4,,1,60,,320,4,,1,20,,329,4,,1,15,,258,4,,1,5,,319,4,,1,60,,237,4,,1,20,,262,4,,1,15,,286,4,,1,5,,317,4,,1,60,,297,4,,1,20,,284,4,,1,15,,321,4,,1,5,,277,4,,1,60,,249,4,,1,20,,288,4,,1,15,,245,4,,1,5,,267,4,,1,60,,304,4,,1,20,,250,4,,1,15,,296,4,,1,5,,285,4,,1,61,,242,4,,1,20,,290,4,,1,14,,295,4,,1,6,,280,4,,1,60,,235,4,,1,20,,260,4,,1,14,,230,4,,1,6,,269,4,,1,60,,326,4,,1,20,,312,4,,1,14,,241,4,,1,6,,315,4,,1,60,,239,4,,1,20,,328,4,,1,14,,278,4,,1,6,,225,4,,1,60,,238,4,,1,20,,279,4,,1,14,,276,4,,1,6,,229,4,,1,59,,305,4,,1,20,,301,4,,1,15,,248,4,,1,5,,299,4,,1,60,,291,4,,1,20,,302,4,,1,15,,313,4,,1,5,,273,4,,1,60,,244,4,,1,20,,310,4,,1,15,,331,4,,1,5,,272,4,,1,60,,240,4,,1,20,,298,4,,1,15,,266,4,,1,5,,251,4,,1
4001,'9',732,,385,4,,1,15,,366,4,,1,5,,343,4,,1,60,,332,4,,1,20,,420,4,,1,15,,400,4,,1,5,,440,4,,1,60,,430,4,,1,20,,439,4,,1,15,,368,4,,1,5,,429,4,,1,60,,347,4,,1,20,,373,4,,1,15,,359,4,,1,5,,427,4,,1,60,,408,4,,1,20,,396,4,,1,15,,431,4,,1,5,,388,4,,1,60,,358,4,,1,20,,399,4,,1,15,,370,4,,1,5,,378,4,,1,60,,415,4,,1,20,,360,4,,1,15,,407,4,,1,5,,397,4,,1,61,,352,4,,1,20,,402,4,,1,14,,391,4,,1,6,,392,4,,1,60,,345,4,,1,20,,371,4,,1,14,,340,4,,1,6,,380,4,,1,60,,436,4,,1,20,,423,4,,1,14,,351,4,,1,6,,425,4,,1,60,,349,4,,1,20,,438,4,,1,14,,389,4,,1,6,,335,4,,1,60,,348,4,,1,20,,390,4,,1,14,,387,4,,1,6,,339,4,,1,59,,416,4,,1,20,,412,4,,1,15,,357,4,,1,5,,410,4,,1,60,,403,4,,1,20,,413,4,,1,15,,424,4,,1,5,,384,4,,1,60,,354,4,,1,20,,421,4,,1,15,,441,4,,1,5,,383,4,,1,60,,350,4,,1,20,,409,4,,1,15,,377,4,,1,5,,361,4,,1
4501,'11',705,,448,0,11 12 30 13,1,100,,454,0,11 12 30 13,1,100,,451,0,11 12 30 13,1,100,,456,0,11 12 30 13,1,100,,445,0,11 12 30 13,1,100,,457,0,11 12 30 13,1,100,,449,0,11 12 30 13,1,100,,444,0,11 12 30 13,1,100,,455,0,11 12 30 13,1,100,,453,0,11 12 30 13,1,100,,446,0,11 12 30 13,1,100,,442,0,11 12 30 13,1,100,,450,0,11 12 30 13,1,100,,443,0,11 12 30 13,1,100,,447,0,11 12 30 13,1,100,,452,0,11 12 30 13,1
4501,'2',700,,490,0,6,1,5,,521,0,14 2 5 13,1,15,,532,0,6,1,20,,501,0,6,1,60,,556,0,6,1,5,,486,0,14 2 5 13,1,15,,474,0,6,1,20,,527,0,6,1,60,,462,0,6,1,5,,525,0,14 2 5 13,1,15,,510,0,6,1,20,,469,0,6,1,60,,470,0,6,1,5,,518,0,14 2 5 13,1,15,,458,0,6,1,20,,550,0,6,1,60,,559,0,6,1,5,,558,0,14 2 5 13,1,15,,543,0,6,1,20,,560,0,6,1,60,,563,0,6,1,5,,526,0,14 2 5 13,1,15,,509,0,6,1,20,,533,0,6,1,60,,461,0,6,1,5,,567,0,14 2 5 13,1,15,,473,0,6,1,20,,554,0,6,1,60,,540,0,6,1,5,,536,0,14 2 5 13,1,15,,561,0,6,1,20,,493,0,6,1,60,,491,0,6,1,5,,479,0,14 2 5 13,1,15,,507,0,6,1,20,,517,0,6,1,60,,485,0,6,1,5,,480,0,14 2 5 13,1,15,,547,0,6,1,20,,463,0,6,1,60,,557,0,6,1,5,,504,0,14 2 5 13,1,15,,496,0,6,1,20,,565,0,6,1,60,,523,0,6,1,5,,492,0,11 12 30 13,1,15,,522,0,6,1,20,,502,0,6,1,60,,489,0,6,1,5,,520,0,11 12 30 13,1,15,,524,0,6,1,20,,483,0,6,1,60,,495,0,6,1,5,,494,0,11 12 30 13,1,15,,484,0,6,1,20,,478,0,6,1,60,,546,0,6,1,5,,499,0,11 12 30 13,1,15,,487,0,6,1,20,,515,0,6,1,60,,541,0,6,1,5,,548,0,11 12 30 13,1,15,,514,0,6,1
4501,'9',700,,602,0,6,1,5,,600,0,14 2 5 13,1,15,,643,0,6,1,20,,613,0,6,1,60,,667,0,6,1,5,,597,0,14 2 5 13,1,15,,585,0,6,1,20,,637,0,6,1,60,,573,0,6,1,5,,638,0,14 2 5 13,1,15,,622,0,6,1,20,,580,0,6,1,60,,581,0,6,1,5,,630,0,14 2 5 13,1,15,,568,0,6,1,20,,661,0,6,1,60,,669,0,6,1,5,,570,0,14 2 5 13,1,15,,654,0,6,1,20,,670,0,6,1,60,,673,0,6,1,5,,636,0,14 2 5 13,1,15,,621,0,6,1,20,,644,0,6,1,60,,572,0,6,1,5,,675,0,14 2 5 13,1,15,,584,0,6,1,20,,665,0,6,1,60,,651,0,6,1,5,,647,0,14 2 5 13,1,15,,671,0,6,1,20,,605,0,6,1,60,,603,0,6,1,5,,590,0,14 2 5 13,1,15,,619,0,6,1,20,,629,0,6,1,60,,596,0,6,1,5,,591,0,14 2 5 13,1,15,,658,0,6,1,20,,574,0,6,1,60,,668,0,6,1,5,,616,0,14 2 5 13,1,15,,608,0,6,1,20,,676,0,6,1,60,,634,0,6,1,5,,604,0,11 12 30 13,1,15,,633,0,6,1,20,,614,0,6,1,60,,601,0,6,1,5,,632,0,11 12 30 13,1,15,,635,0,6,1,20,,594,0,6,1,60,,607,0,6,1,5,,606,0,11 12 30 13,1,15,,595,0,6,1,20,,589,0,6,1,60,,657,0,6,1,5,,611,0,11 12 30 13,1,15,,598,0,6,1,20,,627,0,6,1,60,,652,0,6,1,5,,659,0,11 12 30 13,1,15,,626,0,6,1
5001,'11',748,,688,4,,1,100,,687,4,,1,100,,689,4,,1,100,,685,4,,1,100,,679,4,,1,100,,681,4,,1,100,,693,4,,1,100,,686,4,,1,100,,678,4,,1,100,,691,4,,1,100,,683,4,,1,100,,680,4,,1,100,,690,4,,1,100,,682,4,,1,100,,692,4,,1,100,,684,4,,1
5001,'2',748,,699,4,,1,100,,701,4,,1,100,,705,4,,1,100,,695,4,,1,100,,696,4,,1,100,,697,4,,1,100,,700,4,,1,100,,703,4,,1,100,,708,4,,1,100,,707,4,,1,100,,702,4,,1,100,,706,4,,1,100,,709,4,,1,100,,698,4,,1,100,,694,4,,1,100,,704,4,,1
5001,'9',748,,715,4,,1,100,,717,4,,1,100,,721,4,,1,100,,711,4,,1,100,,712,4,,1,100,,713,4,,1,100,,716,4,,1,100,,719,4,,1,100,,724,4,,1,100,,723,4,,1,100,,718,4,,1,100,,722,4,,1,100,,725,4,,1,100,,714,4,,1,100,,710,4,,1,100,,720,4,,1
5501,'11',705,,732,0,11 12 5 13,1,100,,734,0,11 12 5 13,1,100,,737,0,11 12 5 13,1,100,,728,0,11 12 5 13,1,100,,733,0,11 12 5 13,1,100,,736,0,11 12 5 13,1,100,,730,0,11 12 5 13,1,100,,739,0,11 12 5 13,1,100,,727,0,11 12 5 13,1,100,,726,0,11 12 5 13,1,100,,741,0,11 12 5 13,1,100,,738,0,11 12 5 13,1,100,,729,0,11 12 5 13,1,100,,735,0,11 12 5 13,1,100,,731,0,11 12 5 13,1,100,,740,0,11 12 5 13,1
5501,'2',705,,752,0,14 2 5 13,1,100,,742,0,14 2 5 13,1,100,,745,0,14 2 5 13,1,100,,753,0,14 2 5 13,1,100,,754,0,14 2 5 13,1,100,,756,0,14 2 5 13,1,100,,757,0,14 2 5 13,1,100,,746,0,14 2 5 13,1,100,,744,0,14 2 5 13,1,100,,750,0,14 2 5 13,1,100,,747,0,14 2 5 13,1,100,,749,0,11 12 5 13,1,100,,755,0,11 12 5 13,1,100,,748,0,11 12 5 13,1,100,,751,0,11 12 5 13,1,100,,743,0,11 12 5 13,1
5501,'9',705,,768,0,14 2 5 13,1,100,,758,0,14 2 5 13,1,100,,761,0,14 2 5 13,1,100,,769,0,14 2 5 13,1,100,,770,0,14 2 5 13,1,100,,772,0,14 2 5 13,1,100,,773,0,14 2 5 13,1,100,,762,0,14 2 5 13,1,100,,760,0,14 2 5 13,1,100,,766,0,14 2 5 13,1,100,,763,0,14 2 5 13,1,100,,765,0,11 12 5 13,1,100,,771,0,11 12 5 13,1,100,,764,0,11 12 5 13,1,100,,767,0,11 12 5 13,1,100,,759,0,11 12 5 13,1
7001,'11',703,,1033,0,11 12 7,1,100,,1034,0,11 12 7,1,100,,1024,0,11 12 7,1,100,,1026,0,11 12 7,1,100,,1023,0,11 12 7,1,100,,1029,0,11 12 7,1,100,,1027,0,11 12 7,1,100,,1035,0,11 12 7,1,100,,1031,0,11 12 7,1,100,,1037,0,11 12 7,1,100,,1028,0,11 12 7,1,100,,1030,0,11 12 7,1,100,,1025,0,11 12 7,1,100,,1022,0,11 12 7,1,100,,1036,0,11 12 7,1,100,,1032,0,11 12 7,1
7001,'2',703,,1038,0,14 2 7,1,30,,1065,0,14 2 7,1,70,,1060,0,14 2 7,1,30,,1051,0,14 2 7,1,70,,1046,0,14 2 7,1,30,,1062,0,14 2 7,1,70,,1040,0,14 2 7,1,30,,1063,0,14 2 7,1,70,,1052,0,14 2 7,1,30,,1041,0,14 2 7,1,70,,1058,0,14 2 7,1,30,,1057,0,14 2 7,1,70,,1067,0,14 2 7,1,30,,1054,0,14 2 7,1,70,,1045,0,14 2 7,1,30,,1068,0,14 2 7,1,70,,1066,0,14 2 7,1,30,,1043,0,14 2 7,1,70,,1042,0,14 2 7,1,30,,1059,0,14 2 7,1,70,,1056,0,14 2 7,1,30,,1055,0,14 2 7,1,70,,1050,0,11 12 7,1,30,,1049,0,11 12 7,1,70,,1069,0,11 12 7,1,30,,1047,0,11 12 7,1,70,,1064,0,11 12 7,1,30,,1039,0,11 12 7,1,70,,1044,0,11 12 7,1,30,,1053,0,11 12 7,1,70,,1061,0,11 12 7,1,30,,1048,0,11 12 7,1
7001,'9',703,,1070,0,14 2 7,1,30,,1077,0,14 2 7,1,70,,1094,0,14 2 7,1,30,,1085,0,14 2 7,1,70,,1080,0,14 2 7,1,30,,1076,0,14 2 7,1,70,,1072,0,14 2 7,1,30,,1096,0,14 2 7,1,70,,1086,0,14 2 7,1,30,,1088,0,14 2 7,1,70,,1092,0,14 2 7,1,30,,1091,0,14 2 7,1,70,,1099,0,14 2 7,1,30,,1074,0,14 2 7,1,70,,1079,0,14 2 7,1,30,,1100,0,14 2 7,1,70,,1098,0,14 2 7,1,30,,1075,0,14 2 7,1,70,,1073,0,14 2 7,1,30,,1093,0,14 2 7,1,70,,1090,0,14 2 7,1,30,,1089,0,14 2 7,1,70,,1084,0,11 12 7,1,30,,1083,0,11 12 7,1,70,,1101,0,11 12 7,1,30,,1081,0,11 12 7,1,70,,1097,0,11 12 7,1,30,,1071,0,11 12 7,1,70,,1078,0,11 12 7,1,30,,1087,0,11 12 7,1,70,,1095,0,11 12 7,1,30,,1082,0,11 12 7,1
7501,'11',751,,1102,4,,1,100,,1114,4,,1,100,,1106,4,,1,100,,1116,4,,1,100,,1103,4,,1,100,,1111,4,,1,100,,1113,4,,1,100,,1107,4,,1,100,,1109,4,,1,100,,1104,4,,1,100,,1115,4,,1,100,,1117,4,,1,100,,1105,4,,1,100,,1108,4,,1,100,,1112,4,,1,100,,1110,4,,1
7501,'2',749,,1124,4,,1,70,,1139,4,,1,30,,1140,4,,1,70,,1145,4,,1,30,,1130,4,,1,70,,1146,4,,1,30,,1136,4,,1,70,,1120,4,,1,30,,1123,4,,1,70,,1128,4,,1,30,,1147,4,,1,70,,1118,4,,1,30,,1134,4,,1,70,,1122,4,,1,30,,1148,4,,1,70,,1142,4,,1,30,,1121,4,,1,70,,1149,4,,1,30,,1132,4,,1,70,,1125,4,,1,30,,1141,4,,1,70,,1137,4,,1,32,,1143,4,,1,70,,1138,4,,1,30,,1119,4,,1,70,,1131,4,,1,30,,1144,4,,1,70,,1135,4,,1,30,,1126,4,,1,70,,1133,4,,1,30,,1127,4,,1,70,,1129,4,,1
7501,'9',749,,1154,4,,1,70,,1170,4,,1,30,,1171,4,,1,70,,1172,4,,1,30,,1161,4,,1,70,,1177,4,,1,30,,1167,4,,1,70,,1156,4,,1,30,,1153,4,,1,70,,1159,4,,1,30,,1178,4,,1,70,,1179,4,,1,30,,1165,4,,1,70,,1152,4,,1,30,,1180,4,,1,70,,1173,4,,1,30,,1151,4,,1,70,,1181,4,,1,30,,1163,4,,1,70,,1155,4,,1,30,,1174,4,,1,70,,1168,4,,1,32,,1175,4,,1,70,,1169,4,,1,30,,1150,4,,1,70,,1162,4,,1,30,,1176,4,,1,70,,1166,4,,1,30,,1157,4,,1,70,,1164,4,,1,30,,1158,4,,1,70,,1160,4,,1
