2200,'10',751,,2187,3,4,,1,400,,2188,3,4,,1,100,,2180,3,4,,1,100,,2182,3,4,,1,100,,2190,3,4,,1,100,,2181,3,4,,1,100,,2189,3,4,,1,100,,2183,3,4,,1,100,,2184,3,4,,1,100,,2186,3,4,,1,100,,2185,3,4,,1
2200,'15',751,,2198,3,4,,1,400,,2199,3,4,,1,100,,2191,3,4,,1,100,,2193,3,4,,1,100,,2201,3,4,,1,100,,2192,3,4,,1,100,,2200,3,4,,1,100,,2194,3,4,,1,100,,2195,3,4,,1,100,,2197,3,4,,1,100,,2196,3,4,,1
2200,'16',751,,2209,3,4,,1,400,,2210,3,4,,1,100,,2202,3,4,,1,100,,2204,3,4,,1,100,,2212,3,4,,1,100,,2203,3,4,,1,100,,2211,3,4,,1,100,,2205,3,4,,1,100,,2206,3,4,,1,100,,2208,3,4,,1,100,,2207,3,4,,1
2200,'17',751,,2220,3,4,,1,400,,2221,3,4,,1,100,,2213,3,4,,1,100,,2215,3,4,,1,100,,2223,3,4,,1,100,,2214,3,4,,1,100,,2222,3,4,,1,100,,2216,3,4,,1,100,,2217,3,4,,1,100,,2219,3,4,,1,100,,2218,3,4,,1
2200,'19',751,,2231,3,4,,1,400,,2232,3,4,,1,100,,2224,3,4,,1,100,,2226,3,4,,1,100,,2234,3,4,,1,100,,2225,3,4,,1,100,,2233,3,4,,1,100,,2227,3,4,,1,100,,2228,3,4,,1,100,,2230,3,4,,1,100,,2229,3,4,,1
2200,'21',751,,2242,3,4,,1,400,,2243,3,4,,1,100,,2235,3,4,,1,100,,2237,3,4,,1,100,,2245,3,4,,1,100,,2236,3,4,,1,100,,2244,3,4,,1,100,,2238,3,4,,1,100,,2239,3,4,,1,100,,2241,3,4,,1,100,,2240,3,4,,1
2200,'5',751,,2253,3,4,,1,400,,2254,3,4,,1,100,,2246,3,4,,1,100,,2248,3,4,,1,100,,2256,3,4,,1,100,,2247,3,4,,1,100,,2255,3,4,,1,100,,2249,3,4,,1,100,,2250,3,4,,1,100,,2252,3,4,,1,100,,2251,3,4,,1
2200,'6',751,,2264,3,4,,1,400,,2265,3,4,,1,100,,2257,3,4,,1,100,,2259,3,4,,1,100,,2267,3,4,,1,100,,2258,3,4,,1,100,,2266,3,4,,1,100,,2260,3,4,,1,100,,2261,3,4,,1,100,,2263,3,4,,1,100,,2262,3,4,,1
2201,'10',654,,2277,1,,,1,100,,2278,1,,,1,400,,2273,1,,,1,100,,2269,1,,,1,100,,2270,1,,,1,100,,2275,1,,,1,100,,2268,1,,,1,100,,2274,1,,,1,100,,2279,1,,,1,100,,2272,1,,,1,100,,2276,1,,,1,100,,2271,1,,,1
2201,'15',654,,2289,1,,,1,100,,2290,1,,,1,400,,2285,1,,,1,100,,2281,1,,,1,100,,2282,1,,,1,100,,2287,1,,,1,100,,2280,1,,,1,100,,2286,1,,,1,100,,2291,1,,,1,100,,2284,1,,,1,100,,2288,1,,,1,100,,2283,1,,,1
2201,'16',654,,2300,1,,,1,100,,2301,1,,,1,400,,2297,1,,,1,100,,2293,1,,,1,100,,2294,1,,,1,100,,2298,1,,,1,100,,2292,1,,,1,100,,328,1,,,1,100,,2302,1,,,1,100,,2296,1,,,1,100,,2299,1,,,1,100,,2295,1,,,1
2201,'17',654,,2311,1,,,1,100,,2312,1,,,1,400,,2308,1,,,1,100,,2304,1,,,1,100,,2305,1,,,1,100,,2309,1,,,1,100,,2303,1,,,1,100,,338,1,,,1,100,,2313,1,,,1,100,,2307,1,,,1,100,,2310,1,,,1,100,,2306,1,,,1
2201,'19',654,,2323,1,,,1,100,,2324,1,,,1,400,,2319,1,,,1,100,,2315,1,,,1,100,,2316,1,,,1,100,,2321,1,,,1,100,,2314,1,,,1,100,,2320,1,,,1,100,,2325,1,,,1,100,,2318,1,,,1,100,,2322,1,,,1,100,,2317,1,,,1
2201,'21',654,,2335,1,,,1,100,,2336,1,,,1,400,,2331,1,,,1,100,,2327,1,,,1,100,,2328,1,,,1,100,,2333,1,,,1,100,,2326,1,,,1,100,,2332,1,,,1,100,,2337,1,,,1,100,,2330,1,,,1,100,,2334,1,,,1,100,,2329,1,,,1
2201,'5',654,,2346,1,,,1,100,,2347,1,,,1,400,,2343,1,,,1,100,,2339,1,,,1,100,,2340,1,,,1,100,,2344,1,,,1,100,,2338,1,,,1,100,,348,1,,,1,100,,2348,1,,,1,100,,2342,1,,,1,100,,2345,1,,,1,100,,2341,1,,,1
2201,'6',654,,2358,1,,,1,100,,2359,1,,,1,400,,2354,1,,,1,100,,2350,1,,,1,100,,2351,1,,,1,100,,2356,1,,,1,100,,2349,1,,,1,100,,2355,1,,,1,100,,2360,1,,,1,100,,2353,1,,,1,100,,2357,1,,,1,100,,2352,1,,,1
