3400,'1',709,,282,2,0,5 6 7 8 2 9 8,1,130,,283,2,0,5 6 7 8 2 9 8,1,170,,278,2,0,5 6 7 8 2 9 8,1,130,,277,2,0,5 6 7 8 2 9 8,1,170,,276,2,0,5 6 7 8 2 9 8,1,130,,285,2,0,5 6 7 8 2 9 8,1,170,,279,2,0,5 6 7 8 2 9 8,1,130,,284,2,0,5 6 7 8 2 9 8,1,170,,280,2,0,5 6 7 8 2 9 8,1,130,,281,2,0,5 6 7 8 2 9 8,1
3400,'10',709,,292,2,0,5 6 7 8 2 9 8,1,130,,293,2,0,5 6 7 8 2 9 8,1,170,,288,2,0,5 6 7 8 2 9 8,1,130,,287,2,0,5 6 7 8 2 9 8,1,170,,286,2,0,5 6 7 8 2 9 8,1,130,,295,2,0,5 6 7 8 2 9 8,1,170,,289,2,0,5 6 7 8 2 9 8,1,130,,294,2,0,5 6 7 8 2 9 8,1,170,,290,2,0,5 6 7 8 2 9 8,1,130,,291,2,0,5 6 7 8 2 9 8,1
3400,'11',709,,302,2,0,5 6 7 8 2 9 8,1,130,,303,2,0,5 6 7 8 2 9 8,1,170,,298,2,0,5 6 7 8 2 9 8,1,130,,297,2,0,5 6 7 8 2 9 8,1,170,,296,2,0,5 6 7 8 2 9 8,1,130,,305,2,0,5 6 7 8 2 9 8,1,170,,299,2,0,5 6 7 8 2 9 8,1,130,,304,2,0,5 6 7 8 2 9 8,1,170,,300,2,0,5 6 7 8 2 9 8,1,130,,301,2,0,5 6 7 8 2 9 8,1
3400,'3',709,,312,2,0,5 6 7 8 2 9 8,1,130,,313,2,0,5 6 7 8 2 9 8,1,170,,308,2,0,5 6 7 8 2 9 8,1,130,,307,2,0,5 6 7 8 2 9 8,1,170,,306,2,0,5 6 7 8 2 9 8,1,130,,315,2,0,5 6 7 8 2 9 8,1,170,,309,2,0,5 6 7 8 2 9 8,1,130,,314,2,0,5 6 7 8 2 9 8,1,170,,310,2,0,5 6 7 8 2 9 8,1,130,,311,2,0,5 6 7 8 2 9 8,1
3401,'1',812,,322,4,0,5 6 7 8 2 7 10,1,130,,318,4,0,5 6 7 8 2 7 10,1,170,,320,4,0,5 6 7 8 2 7 10,1,130,,323,4,0,5 6 7 8 2 7 10,1,170,,324,4,0,5 6 7 8 2 7 10,1,130,,317,4,0,5 6 7 8 2 7 10,1,170,,319,4,0,5 6 7 8 2 7 10,1,130,,325,4,0,5 6 7 8 2 7 10,1,170,,316,4,0,5 6 7 8 2 7 10,1,130,,321,4,0,5 6 7 8 2 7 10,1
3401,'10',812,,332,4,0,5 6 7 8 2 7 10,1,130,,328,4,0,5 6 7 8 2 7 10,1,170,,330,4,0,5 6 7 8 2 7 10,1,130,,333,4,0,5 6 7 8 2 7 10,1,170,,334,4,0,5 6 7 8 2 7 10,1,130,,327,4,0,5 6 7 8 2 7 10,1,170,,329,4,0,5 6 7 8 2 7 10,1,130,,335,4,0,5 6 7 8 2 7 10,1,170,,326,4,0,5 6 7 8 2 7 10,1,130,,331,4,0,5 6 7 8 2 7 10,1
3401,'11',812,,342,4,0,5 6 7 8 2 7 10,1,130,,338,4,0,5 6 7 8 2 7 10,1,170,,340,4,0,5 6 7 8 2 7 10,1,130,,343,4,0,5 6 7 8 2 7 10,1,170,,344,4,0,5 6 7 8 2 7 10,1,130,,337,4,0,5 6 7 8 2 7 10,1,170,,339,4,0,5 6 7 8 2 7 10,1,130,,345,4,0,5 6 7 8 2 7 10,1,170,,336,4,0,5 6 7 8 2 7 10,1,130,,341,4,0,5 6 7 8 2 7 10,1
3401,'3',812,,352,4,0,5 6 7 8 2 7 10,1,130,,348,4,0,5 6 7 8 2 7 10,1,170,,350,4,0,5 6 7 8 2 7 10,1,130,,353,4,0,5 6 7 8 2 7 10,1,170,,354,4,0,5 6 7 8 2 7 10,1,130,,347,4,0,5 6 7 8 2 7 10,1,170,,349,4,0,5 6 7 8 2 7 10,1,130,,355,4,0,5 6 7 8 2 7 10,1,170,,346,4,0,5 6 7 8 2 7 10,1,130,,351,4,0,5 6 7 8 2 7 10,1
6001,'1',739,,1450,5,4,,1,7,,1472,3,4,,1,2,,1453,6,4,,1,57,,1436,5,4,,1,9,,1466,3,4,,1,4,,1454,6,4,,1,21,,1434,5,4,,1,7,,1471,3,4,,1,2,,1460,6,4,,1,57,,1478,5,4,,1,9,,1473,3,4,,1,4,,1455,6,4,,1,21,,1437,3,4,,1,9,,1443,6,4,,1,66,,1458,3,4,,1,4,,1463,6,4,,1,30,,1474,6,4,,1,70,,1464,6,4,,1,30,,1468,6,4,,1,70,,1442,6,4,,1,30,,1432,6,4,,1,70,,1438,6,4,,1,30,,1477,6,4,,1,70,,1431,6,4,,1,30,,1479,6,4,,1,70,,1461,6,4,,1,6,,1456,3,4,,1,24,,1439,6,4,,1,6,,1440,3,4,,1,62,,1447,3,4,,1,2,,1480,6,4,,1,6,,1435,3,4,,1,22,,1475,3,4,,1,2,,1449,6,4,,1,6,,1462,3,4,,1,62,,1430,3,4,,1,2,,1459,6,4,,1,6,,1429,3,4,,1,22,,1451,3,4,,1,2,,1457,6,4,,1,6,,1467,3,4,,1,62,,1448,3,4,,1,2,,1445,6,4,,1,30,,1428,8,4,,1,70,,1476,8,4,,1,30,,1444,8,4,,1,70,,1433,8,4,,1,30,,1452,8,4,,1,70,,1469,8,4,,1,30,,1446,8,4,,1,70,,1470,8,4,,1,30,,1441,8,4,,1,70,,1465,8,4,,1
6001,'10',739,,1503,5,4,,1,7,,1525,3,4,,1,2,,1506,6,4,,1,57,,1489,5,4,,1,9,,1519,3,4,,1,4,,1507,6,4,,1,21,,1487,5,4,,1,7,,1524,3,4,,1,2,,1513,6,4,,1,57,,1531,5,4,,1,9,,1526,3,4,,1,4,,1508,6,4,,1,21,,1490,3,4,,1,9,,1496,6,4,,1,66,,1511,3,4,,1,4,,1516,6,4,,1,30,,1527,6,4,,1,70,,1517,6,4,,1,30,,1521,6,4,,1,70,,1495,6,4,,1,30,,1485,6,4,,1,70,,1491,6,4,,1,30,,1530,6,4,,1,70,,1484,6,4,,1,30,,1532,6,4,,1,70,,1514,6,4,,1,6,,1509,3,4,,1,24,,1492,6,4,,1,6,,1493,3,4,,1,62,,1500,3,4,,1,2,,1533,6,4,,1,6,,1488,3,4,,1,22,,1528,3,4,,1,2,,1502,6,4,,1,6,,1515,3,4,,1,62,,1483,3,4,,1,2,,1512,6,4,,1,6,,1482,3,4,,1,22,,1504,3,4,,1,2,,1510,6,4,,1,6,,1520,3,4,,1,62,,1501,3,4,,1,2,,1498,6,4,,1,30,,1481,8,4,,1,70,,1529,8,4,,1,30,,1497,8,4,,1,70,,1486,8,4,,1,30,,1505,8,4,,1,70,,1522,8,4,,1,30,,1499,8,4,,1,70,,1523,8,4,,1,30,,1494,8,4,,1,70,,1518,8,4,,1
6001,'11',739,,1556,5,4,,1,7,,1578,3,4,,1,2,,1559,6,4,,1,57,,1542,5,4,,1,9,,1572,3,4,,1,4,,1560,6,4,,1,21,,1540,5,4,,1,7,,1577,3,4,,1,2,,1566,6,4,,1,57,,1584,5,4,,1,9,,1579,3,4,,1,4,,1561,6,4,,1,21,,1543,3,4,,1,9,,1549,6,4,,1,66,,1564,3,4,,1,4,,1569,6,4,,1,30,,1580,6,4,,1,70,,1570,6,4,,1,30,,1574,6,4,,1,70,,1548,6,4,,1,30,,1538,6,4,,1,70,,1544,6,4,,1,30,,1583,6,4,,1,70,,1537,6,4,,1,30,,1585,6,4,,1,70,,1567,6,4,,1,6,,1562,3,4,,1,24,,1545,6,4,,1,6,,1546,3,4,,1,62,,1553,3,4,,1,2,,1586,6,4,,1,6,,1541,3,4,,1,22,,1581,3,4,,1,2,,1555,6,4,,1,6,,1568,3,4,,1,62,,1536,3,4,,1,2,,1565,6,4,,1,6,,1535,3,4,,1,22,,1557,3,4,,1,2,,1563,6,4,,1,6,,1573,3,4,,1,62,,1554,3,4,,1,2,,1551,6,4,,1,30,,1534,8,4,,1,70,,1582,8,4,,1,30,,1550,8,4,,1,70,,1539,8,4,,1,30,,1558,8,4,,1,70,,1575,8,4,,1,30,,1552,8,4,,1,70,,1576,8,4,,1,30,,1547,8,4,,1,70,,1571,8,4,,1
6001,'14',748,,1596,8,4,,1,100,,1589,8,4,,1,100,,1599,8,4,,1,100,,1590,8,4,,1,100,,1592,8,4,,1,100,,1598,8,4,,1,100,,1602,8,4,,1,100,,1591,8,4,,1,100,,1594,8,4,,1,100,,1588,8,4,,1,100,,1587,8,4,,1,100,,1593,8,4,,1,100,,1597,8,4,,1,100,,1595,8,4,,1,100,,1601,8,4,,1,100,,1600,8,4,,1
6001,'3',739,,1625,5,4,,1,7,,1647,3,4,,1,2,,1628,6,4,,1,57,,1611,5,4,,1,9,,1641,3,4,,1,4,,1629,6,4,,1,21,,1609,5,4,,1,7,,1646,3,4,,1,2,,1635,6,4,,1,57,,1653,5,4,,1,9,,1648,3,4,,1,4,,1630,6,4,,1,21,,1612,3,4,,1,9,,1618,6,4,,1,66,,1633,3,4,,1,4,,1638,6,4,,1,30,,1649,6,4,,1,70,,1639,6,4,,1,30,,1643,6,4,,1,70,,1617,6,4,,1,30,,1607,6,4,,1,70,,1613,6,4,,1,30,,1652,6,4,,1,70,,1606,6,4,,1,30,,1654,6,4,,1,70,,1636,6,4,,1,6,,1631,3,4,,1,24,,1614,6,4,,1,6,,1615,3,4,,1,62,,1622,3,4,,1,2,,1655,6,4,,1,6,,1610,3,4,,1,22,,1650,3,4,,1,2,,1624,6,4,,1,6,,1637,3,4,,1,62,,1605,3,4,,1,2,,1634,6,4,,1,6,,1604,3,4,,1,22,,1626,3,4,,1,2,,1632,6,4,,1,6,,1642,3,4,,1,62,,1623,3,4,,1,2,,1620,6,4,,1,30,,1603,8,4,,1,70,,1651,8,4,,1,30,,1619,8,4,,1,70,,1608,8,4,,1,30,,1627,8,4,,1,70,,1644,8,4,,1,30,,1621,8,4,,1,70,,1645,8,4,,1,30,,1616,8,4,,1,70,,1640,8,4,,1
6501,'1',700,,1676,1,0,11 2 5 12,1,30,,1658,1,0,11 2 5 12,1,10,,1706,1,0,13 2 14 15 16 17,1,7,,1673,1,0,18 2 19 16 17,1,53,,1671,1,0,11 2 5 12,1,9,,1692,1,0,13 2 14 15 16 17,1,6,,1672,1,0,18 2 19 16 17,1,15,,1707,1,0,11 2 5 12,1,10,,1685,1,0,13 2 14 15 16 17,1,7,,1663,1,0,18 2 19 16 17,1,53,,1690,1,0,11 2 5 12,1,9,,1675,1,0,13 2 14 15 16 17,1,6,,1700,1,0,18 2 19 16 17,1,15,,1702,1,0,11 2 5 12,1,10,,1693,1,0,13 2 14 15 16 17,1,60,,1680,1,0,11 2 5 12,1,30,,1656,1,0,11 2 5 12,1,70,,1698,1,0,11 2 5 12,1,30,,1678,1,0,11 2 5 12,1,70,,1665,1,0,11 2 5 12,1,30,,1668,1,0,11 2 5 12,1,70,,1704,1,0,11 2 5 12,1,30,,1703,1,0,11 2 5 12,1,70,,1657,1,0,11 2 5 12,1,30,,1684,1,0,11 2 5 12,1,70,,1691,1,0,13 2 14 15 16 17,1,17,,1710,1,0,18 2 19 16 17,1,13,,1697,1,0,13 2 14 15 16 17,1,17,,1694,1,0,18 2 19 16 17,1,53,,1705,1,0,13 2 14 15 16 17,1,17,,1659,1,0,18 2 19 16 17,1,13,,1696,1,0,13 2 14 15 16 17,1,17,,1664,1,0,18 2 19 16 17,1,53,,1670,1,0,13 2 14 15 16 17,1,17,,1679,1,0,18 2 19 16 17,1,13,,1669,1,0,13 2 14 15 16 17,1,17,,1666,1,0,18 2 19 16 17,1,53,,1701,1,0,13 2 14 15 16 17,1,17,,1677,1,0,18 2 19 16 17,1,13,,1662,1,0,20 21 5 12,1,70,,1674,1,0,20 21 5 12,1,30,,1699,1,0,20 21 5 12,1,70,,1695,1,0,20 21 5 12,1,30,,1682,1,0,20 21 5 12,1,70,,1681,1,0,20 21 5 12,1,30,,1686,1,0,20 21 5 12,1,70,,1708,1,0,20 21 5 12,1,30,,1667,1,0,20 21 5 12,1
6501,'10',700,,1731,1,0,11 2 5 12,1,30,,1713,1,0,11 2 5 12,1,10,,1761,1,0,13 2 14 15 16 17,1,7,,1728,1,0,18 2 19 16 17,1,53,,1726,1,0,11 2 5 12,1,9,,1747,1,0,13 2 14 15 16 17,1,6,,1727,1,0,18 2 19 16 17,1,15,,1762,1,0,11 2 5 12,1,10,,1740,1,0,13 2 14 15 16 17,1,7,,1718,1,0,18 2 19 16 17,1,53,,1745,1,0,11 2 5 12,1,9,,1730,1,0,13 2 14 15 16 17,1,6,,1755,1,0,18 2 19 16 17,1,15,,1757,1,0,11 2 5 12,1,10,,1748,1,0,13 2 14 15 16 17,1,60,,1735,1,0,11 2 5 12,1,30,,1711,1,0,11 2 5 12,1,70,,1753,1,0,11 2 5 12,1,30,,1733,1,0,11 2 5 12,1,70,,1720,1,0,11 2 5 12,1,30,,1723,1,0,11 2 5 12,1,70,,1759,1,0,11 2 5 12,1,30,,1758,1,0,11 2 5 12,1,70,,1712,1,0,11 2 5 12,1,30,,1739,1,0,11 2 5 12,1,70,,1746,1,0,13 2 14 15 16 17,1,17,,1765,1,0,18 2 19 16 17,1,13,,1752,1,0,13 2 14 15 16 17,1,17,,1749,1,0,18 2 19 16 17,1,53,,1760,1,0,13 2 14 15 16 17,1,17,,1714,1,0,18 2 19 16 17,1,13,,1751,1,0,13 2 14 15 16 17,1,17,,1719,1,0,18 2 19 16 17,1,53,,1725,1,0,13 2 14 15 16 17,1,17,,1734,1,0,18 2 19 16 17,1,13,,1724,1,0,13 2 14 15 16 17,1,17,,1721,1,0,18 2 19 16 17,1,53,,1756,1,0,13 2 14 15 16 17,1,17,,1732,1,0,18 2 19 16 17,1,13,,1717,1,0,20 21 5 12,1,70,,1729,1,0,20 21 5 12,1,30,,1754,1,0,20 21 5 12,1,70,,1750,1,0,20 21 5 12,1,30,,1737,1,0,20 21 5 12,1,70,,1736,1,0,20 21 5 12,1,30,,1741,1,0,20 21 5 12,1,70,,1763,1,0,20 21 5 12,1,30,,1722,1,0,20 21 5 12,1
6501,'11',700,,1786,1,0,11 2 5 12,1,30,,1768,1,0,11 2 5 12,1,10,,1816,1,0,13 2 14 15 16 17,1,7,,1782,1,0,18 2 19 16 17,1,53,,1780,1,0,11 2 5 12,1,9,,1803,1,0,13 2 14 15 16 17,1,6,,1781,1,0,18 2 19 16 17,1,15,,1817,1,0,11 2 5 12,1,10,,1796,1,0,13 2 14 15 16 17,1,7,,1773,1,0,18 2 19 16 17,1,53,,1801,1,0,11 2 5 12,1,9,,1785,1,0,13 2 14 15 16 17,1,6,,1810,1,0,18 2 19 16 17,1,15,,1812,1,0,11 2 5 12,1,10,,1804,1,0,13 2 14 15 16 17,1,60,,1791,1,0,11 2 5 12,1,30,,1766,1,0,11 2 5 12,1,70,,1808,1,0,11 2 5 12,1,30,,1788,1,0,11 2 5 12,1,70,,1775,1,0,11 2 5 12,1,30,,1778,1,0,11 2 5 12,1,70,,1814,1,0,11 2 5 12,1,30,,1813,1,0,11 2 5 12,1,70,,1767,1,0,11 2 5 12,1,30,,1795,1,0,11 2 5 12,1,70,,1802,1,0,13 2 14 15 16 17,1,17,,1820,1,0,18 2 19 16 17,1,13,,1789,1,0,13 2 14 15 16 17,1,17,,1805,1,0,18 2 19 16 17,1,53,,1815,1,0,13 2 14 15 16 17,1,17,,1769,1,0,18 2 19 16 17,1,13,,1807,1,0,13 2 14 15 16 17,1,17,,1774,1,0,18 2 19 16 17,1,53,,1779,1,0,13 2 14 15 16 17,1,17,,1790,1,0,18 2 19 16 17,1,13,,1783,1,0,13 2 14 15 16 17,1,17,,1776,1,0,18 2 19 16 17,1,53,,1811,1,0,13 2 14 15 16 17,1,17,,1787,1,0,18 2 19 16 17,1,13,,1772,1,0,20 21 5 12,1,70,,1784,1,0,20 21 5 12,1,30,,1809,1,0,20 21 5 12,1,70,,1806,1,0,20 21 5 12,1,30,,1793,1,0,20 21 5 12,1,70,,1792,1,0,20 21 5 12,1,30,,1797,1,0,20 21 5 12,1,70,,1818,1,0,20 21 5 12,1,30,,1777,1,0,20 21 5 12,1
6501,'14',700,,1826,1,0,20 21 5 12,1,100,,1823,1,0,20 21 5 12,1,100,,1830,1,0,20 21 5 12,1,100,,1822,1,0,20 21 5 12,1,100,,1824,1,0,20 21 5 12,1,100,,1829,1,0,20 21 5 12,1,100,,1821,1,0,20 21 5 12,1,100,,1831,1,0,20 21 5 12,1,100,,1833,1,0,20 21 5 12,1,100,,1832,1,0,20 21 5 12,1,100,,1827,1,0,20 21 5 12,1,100,,1828,1,0,20 21 5 12,1,100,,1834,1,0,20 21 5 12,1,100,,1825,1,0,20 21 5 12,1,100,,1835,1,0,20 21 5 12,1,100,,1836,1,0,20 21 5 12,1
6501,'3',700,,1857,1,0,11 2 5 12,1,30,,1839,1,0,11 2 5 12,1,10,,1887,1,0,13 2 14 15 16 17,1,7,,1854,1,0,18 2 19 16 17,1,53,,1852,1,0,11 2 5 12,1,9,,1873,1,0,13 2 14 15 16 17,1,6,,1853,1,0,18 2 19 16 17,1,15,,1888,1,0,11 2 5 12,1,10,,1866,1,0,13 2 14 15 16 17,1,7,,1844,1,0,18 2 19 16 17,1,53,,1871,1,0,11 2 5 12,1,9,,1856,1,0,13 2 14 15 16 17,1,6,,1881,1,0,18 2 19 16 17,1,15,,1883,1,0,11 2 5 12,1,10,,1874,1,0,13 2 14 15 16 17,1,60,,1861,1,0,11 2 5 12,1,30,,1837,1,0,11 2 5 12,1,70,,1879,1,0,11 2 5 12,1,30,,1859,1,0,11 2 5 12,1,70,,1846,1,0,11 2 5 12,1,30,,1849,1,0,11 2 5 12,1,70,,1885,1,0,11 2 5 12,1,30,,1884,1,0,11 2 5 12,1,70,,1838,1,0,11 2 5 12,1,30,,1865,1,0,11 2 5 12,1,70,,1872,1,0,13 2 14 15 16 17,1,17,,1891,1,0,18 2 19 16 17,1,13,,1878,1,0,13 2 14 15 16 17,1,17,,1875,1,0,18 2 19 16 17,1,53,,1886,1,0,13 2 14 15 16 17,1,17,,1840,1,0,18 2 19 16 17,1,13,,1877,1,0,13 2 14 15 16 17,1,17,,1845,1,0,18 2 19 16 17,1,53,,1851,1,0,13 2 14 15 16 17,1,17,,1860,1,0,18 2 19 16 17,1,13,,1850,1,0,13 2 14 15 16 17,1,17,,1847,1,0,18 2 19 16 17,1,53,,1882,1,0,13 2 14 15 16 17,1,17,,1858,1,0,18 2 19 16 17,1,13,,1843,1,0,20 21 5 12,1,70,,1855,1,0,20 21 5 12,1,30,,1880,1,0,20 21 5 12,1,70,,1876,1,0,20 21 5 12,1,30,,1863,1,0,20 21 5 12,1,70,,1862,1,0,20 21 5 12,1,30,,1867,1,0,20 21 5 12,1,70,,1889,1,0,20 21 5 12,1,30,,1848,1,0,20 21 5 12,1
7001,'1',739,,1894,7,0,11 2 7,1,70,,1892,7,0,11 2 7,1,30,,1918,7,0,11 2 7,1,70,,1901,7,0,11 2 7,1,30,,1893,7,0,11 2 7,1,70,,1922,7,0,11 2 7,1,30,,1920,7,0,11 2 7,1,70,,1917,7,0,11 2 7,1,30,,1914,7,0,11 2 7,1,70,,1921,7,0,11 2 7,1,30,,1916,7,0,11 2 7,1,70,,1899,7,0,11 2 7,1,30,,1905,7,0,11 2 7,1,70,,1900,7,0,11 2 7,1,30,,1906,7,0,11 2 7,1,70,,1902,7,0,11 2 7,1,30,,1903,7,0,11 2 7,1,70,,1919,7,0,11 2 7,1,30,,1907,7,0,11 2 7,1,70,,1910,7,0,11 2 7,1,30,,1895,7,0,11 2 7,1,70,,1911,7,0,11 2 7,1,28,,1923,8,0,2 22 7,1,70,,1913,8,0,2 22 7,1,30,,1908,8,0,2 22 7,1,70,,1909,8,0,2 22 7,1,30,,1897,8,0,2 22 7,1,70,,1915,8,0,2 22 7,1,30,,1898,8,0,2 22 7,1,70,,1896,8,0,2 22 7,1,30,,1912,8,0,2 22 7,1,70,,1904,8,0,2 22 7,1
7001,'10',739,,1925,7,0,11 2 7,1,70,,1954,7,0,11 2 7,1,30,,1950,7,0,11 2 7,1,70,,1933,7,0,11 2 7,1,30,,1924,7,0,11 2 7,1,70,,1953,7,0,11 2 7,1,30,,1952,7,0,11 2 7,1,70,,1949,7,0,11 2 7,1,30,,1946,7,0,11 2 7,1,70,,1926,7,0,11 2 7,1,30,,1948,7,0,11 2 7,1,70,,1931,7,0,11 2 7,1,30,,1937,7,0,11 2 7,1,70,,1932,7,0,11 2 7,1,30,,1938,7,0,11 2 7,1,70,,1934,7,0,11 2 7,1,30,,1935,7,0,11 2 7,1,70,,1951,7,0,11 2 7,1,30,,1939,7,0,11 2 7,1,70,,1942,7,0,11 2 7,1,30,,1927,7,0,11 2 7,1,70,,1943,7,0,11 2 7,1,28,,1955,8,0,2 22 7,1,70,,1945,8,0,2 22 7,1,30,,1940,8,0,2 22 7,1,70,,1941,8,0,2 22 7,1,30,,1929,8,0,2 22 7,1,70,,1947,8,0,2 22 7,1,30,,1930,8,0,2 22 7,1,70,,1928,8,0,2 22 7,1,30,,1944,8,0,2 22 7,1,70,,1936,8,0,2 22 7,1
7001,'11',739,,1957,7,0,11 2 7,1,70,,1986,7,0,11 2 7,1,30,,1981,7,0,11 2 7,1,70,,1963,7,0,11 2 7,1,30,,1956,7,0,11 2 7,1,70,,1985,7,0,11 2 7,1,30,,1983,7,0,11 2 7,1,70,,1980,7,0,11 2 7,1,30,,1977,7,0,11 2 7,1,70,,1984,7,0,11 2 7,1,30,,1979,7,0,11 2 7,1,70,,1962,7,0,11 2 7,1,30,,1967,7,0,11 2 7,1,70,,1976,7,0,11 2 7,1,30,,1968,7,0,11 2 7,1,70,,1964,7,0,11 2 7,1,30,,1965,7,0,11 2 7,1,70,,1982,7,0,11 2 7,1,30,,1969,7,0,11 2 7,1,70,,1972,7,0,11 2 7,1,30,,1958,7,0,11 2 7,1,70,,1973,7,0,11 2 7,1,28,,1987,8,0,2 22 7,1,70,,1975,8,0,2 22 7,1,30,,1970,8,0,2 22 7,1,70,,1971,8,0,2 22 7,1,30,,1960,8,0,2 22 7,1,70,,1978,8,0,2 22 7,1,30,,1961,8,0,2 22 7,1,70,,1959,8,0,2 22 7,1,30,,1974,8,0,2 22 7,1,70,,1966,8,0,2 22 7,1
7001,'14',737,,1990,8,0,2 22 7,1,100,,1991,8,0,2 22 7,1,100,,1993,8,0,2 22 7,1,100,,2003,8,0,2 22 7,1,100,,1992,8,0,2 22 7,1,100,,1989,8,0,2 22 7,1,100,,2002,8,0,2 22 7,1,100,,1995,8,0,2 22 7,1,100,,1994,8,0,2 22 7,1,100,,2001,8,0,2 22 7,1,100,,1999,8,0,2 22 7,1,100,,1988,8,0,2 22 7,1,100,,2000,8,0,2 22 7,1,100,,1998,8,0,2 22 7,1,100,,1997,8,0,2 22 7,1,100,,1996,8,0,2 22 7,1
7001,'3',739,,2006,7,0,11 2 7,1,70,,2004,7,0,11 2 7,1,30,,2030,7,0,11 2 7,1,70,,2013,7,0,11 2 7,1,30,,2005,7,0,11 2 7,1,70,,2034,7,0,11 2 7,1,30,,2032,7,0,11 2 7,1,70,,2029,7,0,11 2 7,1,30,,2026,7,0,11 2 7,1,70,,2033,7,0,11 2 7,1,30,,2028,7,0,11 2 7,1,70,,2011,7,0,11 2 7,1,30,,2017,7,0,11 2 7,1,70,,2012,7,0,11 2 7,1,30,,2018,7,0,11 2 7,1,70,,2014,7,0,11 2 7,1,30,,2015,7,0,11 2 7,1,70,,2031,7,0,11 2 7,1,30,,2019,7,0,11 2 7,1,70,,2022,7,0,11 2 7,1,30,,2007,7,0,11 2 7,1,70,,2023,7,0,11 2 7,1,28,,2035,8,0,2 22 7,1,70,,2025,8,0,2 22 7,1,30,,2020,8,0,2 22 7,1,70,,2021,8,0,2 22 7,1,30,,2009,8,0,2 22 7,1,70,,2027,8,0,2 22 7,1,30,,2010,8,0,2 22 7,1,70,,2008,8,0,2 22 7,1,30,,2024,8,0,2 22 7,1,70,,2016,8,0,2 22 7,1
7501,'1',714,,2042,2,0,11 2 23 24,1,30,,2037,2,0,11 2 23 24,1,70,,2041,2,0,11 2 23 24,1,30,,2064,2,0,11 2 23 24,1,70,,2065,2,0,11 2 23 24,1,30,,2066,2,0,11 2 23 24,1,70,,2057,2,0,11 2 23 24,1,30,,2067,2,0,11 2 23 24,1,70,,2046,2,0,11 2 23 24,1,30,,2060,2,0,11 2 23 24,1,70,,2047,2,0,11 2 23 24,1,30,,2058,2,0,11 2 23 24,1,70,,2054,2,0,11 2 23 24,1,30,,2063,2,0,11 2 23 24,1,70,,2052,2,0,11 2 23 24,1,30,,2045,2,0,11 2 23 24,1,70,,2062,2,0,11 2 23 24,1,30,,2050,2,0,11 2 23 24,1,70,,2038,2,0,11 2 23 24,1,30,,2053,2,0,11 2 23 24,1,70,,2049,2,0,11 2 23 24,1,30,,2061,2,0,11 2 23 24,1,70,,2039,3,0,25 24,1,30,,2051,3,0,25 24,1,70,,2043,3,0,25 24,1,30,,2036,3,0,25 24,1,70,,2055,3,0,25 24,1,30,,2056,3,0,25 24,1,70,,2059,3,0,25 24,1,30,,2048,3,0,25 24,1,70,,2044,3,0,25 24,1,30,,2040,3,0,25 24,1
7501,'10',714,,2074,2,0,11 2 23 24,1,30,,2069,2,0,11 2 23 24,1,70,,2073,2,0,11 2 23 24,1,30,,2077,2,0,11 2 23 24,1,70,,2097,2,0,11 2 23 24,1,30,,2099,2,0,11 2 23 24,1,70,,2090,2,0,11 2 23 24,1,30,,2082,2,0,11 2 23 24,1,70,,2078,2,0,11 2 23 24,1,30,,2092,2,0,11 2 23 24,1,70,,2079,2,0,11 2 23 24,1,30,,2098,2,0,11 2 23 24,1,70,,2087,2,0,11 2 23 24,1,30,,2096,2,0,11 2 23 24,1,70,,2085,2,0,11 2 23 24,1,30,,2095,2,0,11 2 23 24,1,70,,2094,2,0,11 2 23 24,1,30,,2083,2,0,11 2 23 24,1,70,,2070,2,0,11 2 23 24,1,30,,2086,2,0,11 2 23 24,1,70,,2081,2,0,11 2 23 24,1,30,,2093,2,0,11 2 23 24,1,70,,2071,3,0,25 24,1,30,,2084,3,0,25 24,1,70,,2075,3,0,25 24,1,30,,2068,3,0,25 24,1,70,,2088,3,0,25 24,1,30,,2089,3,0,25 24,1,70,,2091,3,0,25 24,1,30,,2080,3,0,25 24,1,70,,2076,3,0,25 24,1,30,,2072,3,0,25 24,1
7501,'11',714,,2106,2,0,11 2 23 24,1,30,,2101,2,0,11 2 23 24,1,70,,2105,2,0,11 2 23 24,1,30,,2109,2,0,11 2 23 24,1,70,,2130,2,0,11 2 23 24,1,30,,2131,2,0,11 2 23 24,1,70,,2123,2,0,11 2 23 24,1,30,,2114,2,0,11 2 23 24,1,70,,2110,2,0,11 2 23 24,1,30,,2125,2,0,11 2 23 24,1,70,,2111,2,0,11 2 23 24,1,30,,2128,2,0,11 2 23 24,1,70,,2120,2,0,11 2 23 24,1,30,,2129,2,0,11 2 23 24,1,70,,2118,2,0,11 2 23 24,1,30,,2117,2,0,11 2 23 24,1,70,,2127,2,0,11 2 23 24,1,30,,2115,2,0,11 2 23 24,1,70,,2102,2,0,11 2 23 24,1,30,,2119,2,0,11 2 23 24,1,70,,2113,2,0,11 2 23 24,1,30,,2126,2,0,11 2 23 24,1,70,,2103,3,0,25 24,1,30,,2116,3,0,25 24,1,70,,2107,3,0,25 24,1,30,,2100,3,0,25 24,1,70,,2121,3,0,25 24,1,30,,2122,3,0,25 24,1,70,,2124,3,0,25 24,1,30,,2112,3,0,25 24,1,70,,2108,3,0,25 24,1,30,,2104,3,0,25 24,1
7501,'14',714,,2141,3,0,25 24,1,100,,2143,3,0,25 24,1,100,,2142,3,0,25 24,1,100,,2147,3,0,25 24,1,100,,2146,3,0,25 24,1,100,,2144,3,0,25 24,1,100,,2133,3,0,25 24,1,100,,2140,3,0,25 24,1,100,,2137,3,0,25 24,1,100,,2138,3,0,25 24,1,100,,2145,3,0,25 24,1,100,,2132,3,0,25 24,1,100,,2134,3,0,25 24,1,100,,2139,3,0,25 24,1,100,,2135,3,0,25 24,1,100,,2136,3,0,25 24,1
7501,'3',714,,2154,2,0,11 2 23 24,1,30,,2149,2,0,11 2 23 24,1,70,,2153,2,0,11 2 23 24,1,30,,2176,2,0,11 2 23 24,1,70,,2177,2,0,11 2 23 24,1,30,,2178,2,0,11 2 23 24,1,70,,2169,2,0,11 2 23 24,1,30,,2179,2,0,11 2 23 24,1,70,,2158,2,0,11 2 23 24,1,30,,2172,2,0,11 2 23 24,1,70,,2159,2,0,11 2 23 24,1,30,,2170,2,0,11 2 23 24,1,70,,2166,2,0,11 2 23 24,1,30,,2175,2,0,11 2 23 24,1,70,,2164,2,0,11 2 23 24,1,30,,2157,2,0,11 2 23 24,1,70,,2174,2,0,11 2 23 24,1,30,,2162,2,0,11 2 23 24,1,70,,2150,2,0,11 2 23 24,1,30,,2165,2,0,11 2 23 24,1,70,,2161,2,0,11 2 23 24,1,30,,2173,2,0,11 2 23 24,1,70,,2151,3,0,25 24,1,30,,2163,3,0,25 24,1,70,,2155,3,0,25 24,1,30,,2148,3,0,25 24,1,70,,2167,3,0,25 24,1,30,,2168,3,0,25 24,1,70,,2171,3,0,25 24,1,30,,2160,3,0,25 24,1,70,,2156,3,0,25 24,1,30,,2152,3,0,25 24,1
