5001,'1',721,,1271,5,0,11 2 23 24,1,100,,1282,5,0,11 2 23 24,1,100,,1283,5,0,11 2 23 24,1,100,,1268,5,0,11 2 23 24,1,100,,1279,5,0,11 2 23 24,1,100,,1280,5,0,11 2 23 24,1,100,,1273,5,0,11 2 23 24,1,100,,1269,5,0,11 2 23 24,1,100,,1270,5,0,11 2 23 24,1,100,,1281,5,0,11 2 23 24,1,100,,1276,5,0,11 2 23 24,1,100,,1275,6,0,20 21 23 24,1,100,,1277,6,0,20 21 23 24,1,100,,1278,6,0,20 21 23 24,1,100,,1272,6,0,20 21 23 24,1,100,,1274,6,0,20 21 23 24,1
5001,'10',721,,1287,5,0,11 2 23 24,1,100,,1298,5,0,11 2 23 24,1,100,,1299,5,0,11 2 23 24,1,100,,1284,5,0,11 2 23 24,1,100,,1295,5,0,11 2 23 24,1,100,,1296,5,0,11 2 23 24,1,100,,1289,5,0,11 2 23 24,1,100,,1285,5,0,11 2 23 24,1,100,,1286,5,0,11 2 23 24,1,100,,1297,5,0,11 2 23 24,1,100,,1292,5,0,11 2 23 24,1,100,,1291,6,0,20 21 23 24,1,100,,1293,6,0,20 21 23 24,1,100,,1294,6,0,20 21 23 24,1,100,,1288,6,0,20 21 23 24,1,100,,1290,6,0,20 21 23 24,1
5001,'11',721,,1303,5,0,11 2 23 24,1,100,,1314,5,0,11 2 23 24,1,100,,1315,5,0,11 2 23 24,1,100,,1300,5,0,11 2 23 24,1,100,,1311,5,0,11 2 23 24,1,100,,1312,5,0,11 2 23 24,1,100,,1305,5,0,11 2 23 24,1,100,,1301,5,0,11 2 23 24,1,100,,1302,5,0,11 2 23 24,1,100,,1313,5,0,11 2 23 24,1,100,,1308,5,0,11 2 23 24,1,100,,1307,6,0,20 21 23 24,1,100,,1309,6,0,20 21 23 24,1,100,,1310,6,0,20 21 23 24,1,100,,1304,6,0,20 21 23 24,1,100,,1306,6,0,20 21 23 24,1
5001,'14',721,,1323,6,0,20 21 23 24,1,100,,1327,6,0,20 21 23 24,1,100,,1317,6,0,20 21 23 24,1,100,,1329,6,0,20 21 23 24,1,100,,1320,6,0,20 21 23 24,1,100,,1331,6,0,20 21 23 24,1,100,,1324,6,0,20 21 23 24,1,100,,1319,6,0,20 21 23 24,1,100,,1322,6,0,20 21 23 24,1,100,,1326,6,0,20 21 23 24,1,100,,1318,6,0,20 21 23 24,1,100,,1328,6,0,20 21 23 24,1,100,,1325,6,0,20 21 23 24,1,100,,1321,6,0,20 21 23 24,1,100,,1316,6,0,20 21 23 24,1,100,,1330,6,0,20 21 23 24,1
5001,'3',721,,1335,5,0,11 2 23 24,1,100,,1346,5,0,11 2 23 24,1,100,,1347,5,0,11 2 23 24,1,100,,1332,5,0,11 2 23 24,1,100,,1343,5,0,11 2 23 24,1,100,,1344,5,0,11 2 23 24,1,100,,1337,5,0,11 2 23 24,1,100,,1333,5,0,11 2 23 24,1,100,,1334,5,0,11 2 23 24,1,100,,1345,5,0,11 2 23 24,1,100,,1340,5,0,11 2 23 24,1,100,,1339,6,0,20 21 23 24,1,100,,1341,6,0,20 21 23 24,1,100,,1342,6,0,20 21 23 24,1,100,,1336,6,0,20 21 23 24,1,100,,1338,6,0,20 21 23 24,1
5501,'1',725,,1359,6,0,11 2 5 12,1,100,,1361,6,0,11 2 5 12,1,100,,1351,6,0,11 2 5 12,1,100,,1354,6,0,11 2 5 12,1,100,,1362,6,0,11 2 5 12,1,100,,1353,6,0,11 2 5 12,1,100,,1357,6,0,11 2 5 12,1,100,,1358,6,0,11 2 5 12,1,100,,1360,6,0,11 2 5 12,1,100,,1348,6,0,11 2 5 12,1,100,,1363,6,0,11 2 5 12,1,102,,1355,7,0,20 21 5 12,1,100,,1349,7,0,20 21 5 12,1,100,,1350,7,0,20 21 5 12,1,100,,1352,7,0,20 21 5 12,1,100,,1356,7,0,20 21 5 12,1
5501,'10',725,,1375,6,0,11 2 5 12,1,100,,1377,6,0,11 2 5 12,1,100,,1367,6,0,11 2 5 12,1,100,,1370,6,0,11 2 5 12,1,100,,1378,6,0,11 2 5 12,1,100,,1369,6,0,11 2 5 12,1,100,,1373,6,0,11 2 5 12,1,100,,1374,6,0,11 2 5 12,1,100,,1376,6,0,11 2 5 12,1,100,,1364,6,0,11 2 5 12,1,100,,1379,6,0,11 2 5 12,1,102,,1371,7,0,20 21 5 12,1,100,,1365,7,0,20 21 5 12,1,100,,1366,7,0,20 21 5 12,1,100,,1368,7,0,20 21 5 12,1,100,,1372,7,0,20 21 5 12,1
5501,'11',725,,1391,6,0,11 2 5 12,1,100,,1393,6,0,11 2 5 12,1,100,,1383,6,0,11 2 5 12,1,100,,1386,6,0,11 2 5 12,1,100,,1394,6,0,11 2 5 12,1,100,,1385,6,0,11 2 5 12,1,100,,1389,6,0,11 2 5 12,1,100,,1390,6,0,11 2 5 12,1,100,,1392,6,0,11 2 5 12,1,100,,1380,6,0,11 2 5 12,1,100,,1395,6,0,11 2 5 12,1,102,,1387,7,0,20 21 5 12,1,100,,1381,7,0,20 21 5 12,1,100,,1382,7,0,20 21 5 12,1,100,,1384,7,0,20 21 5 12,1,100,,1388,7,0,20 21 5 12,1
5501,'14',727,,1404,7,0,20 21 5 12,1,100,,1405,7,0,20 21 5 12,1,100,,1406,7,0,20 21 5 12,1,100,,1401,7,0,20 21 5 12,1,100,,1399,7,0,20 21 5 12,1,100,,1411,7,0,20 21 5 12,1,100,,1396,7,0,20 21 5 12,1,100,,1403,7,0,20 21 5 12,1,100,,1410,7,0,20 21 5 12,1,100,,1400,7,0,20 21 5 12,1,100,,1409,7,0,20 21 5 12,1,100,,1408,7,0,20 21 5 12,1,100,,1397,7,0,20 21 5 12,1,100,,1398,7,0,20 21 5 12,1,100,,1407,7,0,20 21 5 12,1,100,,1402,7,0,20 21 5 12,1
5501,'3',725,,1423,6,0,11 2 5 12,1,100,,1425,6,0,11 2 5 12,1,100,,1415,6,0,11 2 5 12,1,100,,1418,6,0,11 2 5 12,1,100,,1426,6,0,11 2 5 12,1,100,,1417,6,0,11 2 5 12,1,100,,1421,6,0,11 2 5 12,1,100,,1422,6,0,11 2 5 12,1,100,,1424,6,0,11 2 5 12,1,100,,1412,6,0,11 2 5 12,1,100,,1427,6,0,11 2 5 12,1,102,,1419,7,0,20 21 5 12,1,100,,1413,7,0,20 21 5 12,1,100,,1414,7,0,20 21 5 12,1,100,,1416,7,0,20 21 5 12,1,100,,1420,7,0,20 21 5 12,1
