6001,'15',705,,4343,1,0,13 2 7 8 17,1,30,,4373,1,0,13 2 7 8 17,1,70,,4352,1,0,13 2 7 8 17,1,30,,4378,1,0,13 2 7 8 17,1
6001,'16',705,,4396,1,0,13 2 7 8 17,1,30,,4424,1,0,13 2 7 8 17,1,70,,4404,1,0,13 2 7 8 17,1,30,,4428,1,0,13 2 7 8 17,1
6001,'17',705,,4446,1,0,13 2 7 8 17,1,30,,4474,1,0,13 2 7 8 17,1,70,,4454,1,0,13 2 7 8 17,1,30,,4478,1,0,13 2 7 8 17,1
6001,'19',705,,4496,1,0,13 2 7 8 17,1,30,,4526,1,0,13 2 7 8 17,1,70,,4505,1,0,13 2 7 8 17,1,30,,4531,1,0,13 2 7 8 17,1
6001,'5',705,,4565,1,0,13 2 7 8 17,1,30,,4593,1,0,13 2 7 8 17,1,70,,4573,1,0,13 2 7 8 17,1,30,,4597,1,0,13 2 7 8 17,1
6001,'6',705,,4615,1,0,13 2 7 8 17,1,30,,4645,1,0,13 2 7 8 17,1,70,,4624,1,0,13 2 7 8 17,1,30,,4650,1,0,13 2 7 8 17,1
6501,'15',800,,4694,2,4,,1,35,,4718,2,4,,1
6501,'16',800,,4748,2,4,,1,35,,4769,2,4,,1
6501,'17',800,,4798,2,4,,1,35,,4819,2,4,,1
6501,'19',800,,4849,2,4,,1,35,,4872,2,4,,1
6501,'5',800,,4918,2,4,,1,35,,4939,2,4,,1
6501,'6',800,,4969,2,4,,1,35,,4993,2,4,,1
