5001,'1',733,,6303,8,0,11 2 23 24,1,100,,6311,8,0,11 2 23 24,1,100,,6309,8,0,11 2 23 24,1,100,,6310,8,0,11 2 23 24,1,100,,6312,8,0,11 2 23 24,1,100,,6314,8,0,11 2 23 24,1,100,,6301,8,0,11 2 23 24,1,100,,6315,8,0,11 2 23 24,1,100,,6300,8,0,11 2 23 24,1,100,,6307,8,0,11 2 23 24,1,100,,6304,8,0,11 2 23 24,1,100,,6306,8,0,20 21 23 24,1,100,,6305,8,0,20 21 23 24,1,100,,6308,8,0,20 21 23 24,1,100,,6313,8,0,20 21 23 24,1,100,,6302,8,0,20 21 23 24,1
5001,'10',733,,6318,8,0,11 2 23 24,1,100,,6326,8,0,11 2 23 24,1,100,,6324,8,0,11 2 23 24,1,100,,6325,8,0,11 2 23 24,1,100,,6327,8,0,11 2 23 24,1,100,,6329,8,0,11 2 23 24,1,100,,6317,8,0,11 2 23 24,1,100,,6330,8,0,11 2 23 24,1,100,,6316,8,0,11 2 23 24,1,100,,6322,8,0,11 2 23 24,1,100,,6319,8,0,11 2 23 24,1,100,,6321,8,0,20 21 23 24,1,100,,6320,8,0,20 21 23 24,1,100,,6323,8,0,20 21 23 24,1,100,,6328,8,0,20 21 23 24,1,100,,4247,8,0,20 21 23 24,1
5001,'13',733,,6343,8,0,20 21 23 24,1,100,,6336,8,0,20 21 23 24,1,100,,6337,8,0,20 21 23 24,1,100,,6340,8,0,20 21 23 24,1,100,,6335,8,0,20 21 23 24,1,100,,6332,8,0,20 21 23 24,1,100,,6346,8,0,20 21 23 24,1,100,,6338,8,0,20 21 23 24,1,100,,6339,8,0,20 21 23 24,1,100,,6334,8,0,20 21 23 24,1,100,,6331,8,0,20 21 23 24,1,100,,6345,8,0,20 21 23 24,1,100,,6333,8,0,20 21 23 24,1,100,,6342,8,0,20 21 23 24,1,100,,6344,8,0,20 21 23 24,1,100,,6341,8,0,20 21 23 24,1
5001,'3',733,,6349,8,0,11 2 23 24,1,100,,6357,8,0,11 2 23 24,1,100,,6355,8,0,11 2 23 24,1,100,,6356,8,0,11 2 23 24,1,100,,6358,8,0,11 2 23 24,1,100,,6360,8,0,11 2 23 24,1,100,,6348,8,0,11 2 23 24,1,100,,6361,8,0,11 2 23 24,1,100,,6347,8,0,11 2 23 24,1,100,,6353,8,0,11 2 23 24,1,100,,6350,8,0,11 2 23 24,1,100,,6352,8,0,20 21 23 24,1,100,,6351,8,0,20 21 23 24,1,100,,6354,8,0,20 21 23 24,1,100,,6359,8,0,20 21 23 24,1,100,,4295,8,0,20 21 23 24,1
5501,'1',717,,6366,3,0,11 2 5 12,1,100,,6362,3,0,11 2 5 12,1,100,,6377,3,0,11 2 5 12,1,100,,6367,3,0,11 2 5 12,1,100,,6368,3,0,11 2 5 12,1,100,,6370,3,0,11 2 5 12,1,100,,6371,3,0,11 2 5 12,1,100,,6376,3,0,11 2 5 12,1,100,,6364,3,0,11 2 5 12,1,100,,6369,3,0,11 2 5 12,1,100,,6363,3,0,11 2 5 12,1,103,,6365,4,0,20 21 5 12,1,100,,6372,4,0,20 21 5 12,1,100,,6375,4,0,20 21 5 12,1,100,,6373,4,0,20 21 5 12,1,100,,6374,4,0,20 21 5 12,1
5501,'10',717,,6381,3,0,11 2 5 12,1,100,,6378,3,0,11 2 5 12,1,100,,6391,3,0,11 2 5 12,1,100,,6382,3,0,11 2 5 12,1,100,,6383,3,0,11 2 5 12,1,100,,6385,3,0,11 2 5 12,1,100,,6386,3,0,11 2 5 12,1,100,,6390,3,0,11 2 5 12,1,100,,6380,3,0,11 2 5 12,1,100,,6384,3,0,11 2 5 12,1,100,,6379,3,0,11 2 5 12,1,103,,2978,4,0,20 21 5 12,1,100,,6387,4,0,20 21 5 12,1,100,,6389,4,0,20 21 5 12,1,100,,3012,4,0,20 21 5 12,1,100,,6388,4,0,20 21 5 12,1
5501,'13',720,,6403,4,0,20 21 5 12,1,100,,6393,4,0,20 21 5 12,1,100,,6400,4,0,20 21 5 12,1,100,,6398,4,0,20 21 5 12,1,100,,6397,4,0,20 21 5 12,1,100,,6406,4,0,20 21 5 12,1,100,,6405,4,0,20 21 5 12,1,100,,6399,4,0,20 21 5 12,1,100,,6401,4,0,20 21 5 12,1,100,,6404,4,0,20 21 5 12,1,100,,6394,4,0,20 21 5 12,1,100,,6395,4,0,20 21 5 12,1,100,,6392,4,0,20 21 5 12,1,100,,6407,4,0,20 21 5 12,1,100,,6402,4,0,20 21 5 12,1,100,,6396,4,0,20 21 5 12,1
5501,'3',717,,6410,3,0,11 2 5 12,1,100,,6408,3,0,11 2 5 12,1,100,,6420,3,0,11 2 5 12,1,100,,6411,3,0,11 2 5 12,1,100,,6412,3,0,11 2 5 12,1,100,,6414,3,0,11 2 5 12,1,100,,6415,3,0,11 2 5 12,1,100,,6419,3,0,11 2 5 12,1,100,,6409,3,0,11 2 5 12,1,100,,6413,3,0,11 2 5 12,1,100,,3202,3,0,11 2 5 12,1,103,,3211,4,0,20 21 5 12,1,100,,6416,4,0,20 21 5 12,1,100,,6418,4,0,20 21 5 12,1,100,,3246,4,0,20 21 5 12,1,100,,6417,4,0,20 21 5 12,1
7001,'1',717,,6786,3,0,11 2 7,1,30,,6790,3,0,11 2 7,1,70,,6781,3,0,11 2 7,1,30,,6766,3,0,11 2 7,1,70,,6770,3,0,11 2 7,1,30,,6789,3,0,11 2 7,1,70,,6779,3,0,11 2 7,1,30,,6793,3,0,11 2 7,1,70,,6765,3,0,11 2 7,1,30,,6777,3,0,11 2 7,1,70,,6791,3,0,11 2 7,1,30,,6776,3,0,11 2 7,1,70,,6795,3,0,11 2 7,1,30,,6787,3,0,11 2 7,1,70,,6775,3,0,11 2 7,1,30,,6764,3,0,11 2 7,1,70,,6778,3,0,11 2 7,1,30,,6771,3,0,11 2 7,1,70,,6785,3,0,11 2 7,1,30,,6784,3,0,11 2 7,1,70,,6782,3,0,11 2 7,1,30,,6774,3,0,11 2 7,1,70,,6772,4,0,22 2 6 2 7,1,30,,6767,4,0,22 2 6 2 7,1,70,,6780,4,0,22 2 6 2 7,1,30,,6783,4,0,22 2 6 2 7,1,70,,6768,4,0,22 2 6 2 7,1,30,,6792,4,0,22 2 6 2 7,1,70,,6769,4,0,22 2 6 2 7,1,30,,6773,4,0,22 2 6 2 7,1,70,,6788,4,0,22 2 6 2 7,1,30,,6794,4,0,22 2 6 2 7,1
7001,'10',717,,6820,3,0,11 2 7,1,30,,6818,3,0,11 2 7,1,70,,4125,3,0,11 2 7,1,30,,6800,3,0,11 2 7,1,70,,6804,3,0,11 2 7,1,30,,6817,3,0,11 2 7,1,70,,6812,3,0,11 2 7,1,30,,6824,3,0,11 2 7,1,70,,6797,3,0,11 2 7,1,30,,6798,3,0,11 2 7,1,70,,6822,3,0,11 2 7,1,30,,6810,3,0,11 2 7,1,70,,6826,3,0,11 2 7,1,30,,6799,3,0,11 2 7,1,70,,6809,3,0,11 2 7,1,30,,6796,3,0,11 2 7,1,70,,6811,3,0,11 2 7,1,30,,6805,3,0,11 2 7,1,70,,6819,3,0,11 2 7,1,30,,6816,3,0,11 2 7,1,70,,6814,3,0,11 2 7,1,30,,6808,3,0,11 2 7,1,70,,6806,4,0,22 2 6 2 7,1,30,,6801,4,0,22 2 6 2 7,1,70,,6813,4,0,22 2 6 2 7,1,30,,6815,4,0,22 2 6 2 7,1,70,,6802,4,0,22 2 6 2 7,1,30,,6823,4,0,22 2 6 2 7,1,70,,6803,4,0,22 2 6 2 7,1,30,,6807,4,0,22 2 6 2 7,1,70,,6821,4,0,22 2 6 2 7,1,30,,6825,4,0,22 2 6 2 7,1
7001,'13',717,,6828,4,0,22 2 6 2 7,1,100,,6838,4,0,22 2 6 2 7,1,100,,6837,4,0,22 2 6 2 7,1,100,,6841,4,0,22 2 6 2 7,1,100,,6839,4,0,22 2 6 2 7,1,100,,6830,4,0,22 2 6 2 7,1,100,,6833,4,0,22 2 6 2 7,1,100,,6831,4,0,22 2 6 2 7,1,100,,6832,4,0,22 2 6 2 7,1,100,,6842,4,0,22 2 6 2 7,1,100,,6840,4,0,22 2 6 2 7,1,100,,6835,4,0,22 2 6 2 7,1,100,,6836,4,0,22 2 6 2 7,1,100,,6829,4,0,22 2 6 2 7,1,100,,6827,4,0,22 2 6 2 7,1,100,,6834,4,0,22 2 6 2 7,1
7001,'3',717,,6864,3,0,11 2 7,1,30,,4174,3,0,11 2 7,1,70,,4172,3,0,11 2 7,1,30,,6845,3,0,11 2 7,1,70,,6849,3,0,11 2 7,1,30,,6866,3,0,11 2 7,1,70,,6858,3,0,11 2 7,1,30,,6869,3,0,11 2 7,1,70,,6844,3,0,11 2 7,1,30,,6856,3,0,11 2 7,1,70,,6867,3,0,11 2 7,1,30,,6855,3,0,11 2 7,1,70,,6871,3,0,11 2 7,1,30,,3250,3,0,11 2 7,1,70,,6854,3,0,11 2 7,1,30,,6843,3,0,11 2 7,1,70,,6857,3,0,11 2 7,1,30,,6850,3,0,11 2 7,1,70,,6863,3,0,11 2 7,1,30,,6862,3,0,11 2 7,1,70,,6860,3,0,11 2 7,1,30,,6853,3,0,11 2 7,1,70,,6851,4,0,22 2 6 2 7,1,30,,6846,4,0,22 2 6 2 7,1,70,,6859,4,0,22 2 6 2 7,1,30,,6861,4,0,22 2 6 2 7,1,70,,6847,4,0,22 2 6 2 7,1,30,,6868,4,0,22 2 6 2 7,1,70,,6848,4,0,22 2 6 2 7,1,30,,6852,4,0,22 2 6 2 7,1,70,,6865,4,0,22 2 6 2 7,1,30,,6870,4,0,22 2 6 2 7,1
7501,'1',734,,6878,5,0,11 2 23 24,1,70,,6891,5,0,11 2 23 24,1,30,,6889,5,0,11 2 23 24,1,70,,6872,5,0,11 2 23 24,1,30,,6879,5,0,11 2 23 24,1,70,,6902,5,0,11 2 23 24,1,30,,6894,5,0,11 2 23 24,1,70,,6877,5,0,11 2 23 24,1,30,,6887,5,0,11 2 23 24,1,70,,6890,5,0,11 2 23 24,1,30,,6897,5,0,11 2 23 24,1,70,,6886,5,0,11 2 23 24,1,30,,6883,5,0,11 2 23 24,1,70,,6881,5,0,11 2 23 24,1,30,,6903,5,0,11 2 23 24,1,70,,6885,5,0,11 2 23 24,1,30,,6873,5,0,11 2 23 24,1,70,,6901,5,0,11 2 23 24,1,30,,6875,5,0,11 2 23 24,1,70,,6880,5,0,11 2 23 24,1,30,,6874,5,0,11 2 23 24,1,70,,6899,5,0,11 2 23 24,1,30,,6893,6,0,25 24,1,70,,6896,6,0,25 24,1,30,,6882,6,0,25 24,1,70,,6898,6,0,25 24,1,30,,6892,6,0,25 24,1,70,,6900,6,0,25 24,1,30,,6884,6,0,25 24,1,70,,6888,6,0,25 24,1,30,,6895,6,0,25 24,1,70,,6876,6,0,25 24,1
7501,'10',734,,6909,5,0,11 2 23 24,1,70,,6921,5,0,11 2 23 24,1,30,,6918,5,0,11 2 23 24,1,70,,6932,5,0,11 2 23 24,1,30,,6910,5,0,11 2 23 24,1,70,,6934,5,0,11 2 23 24,1,30,,6924,5,0,11 2 23 24,1,70,,6920,5,0,11 2 23 24,1,30,,6916,5,0,11 2 23 24,1,70,,6919,5,0,11 2 23 24,1,30,,6927,5,0,11 2 23 24,1,70,,6931,5,0,11 2 23 24,1,30,,6914,5,0,11 2 23 24,1,70,,6912,5,0,11 2 23 24,1,30,,3054,5,0,11 2 23 24,1,70,,6904,5,0,11 2 23 24,1,30,,6905,5,0,11 2 23 24,1,70,,6933,5,0,11 2 23 24,1,30,,6907,5,0,11 2 23 24,1,70,,6911,5,0,11 2 23 24,1,30,,6906,5,0,11 2 23 24,1,70,,6929,5,0,11 2 23 24,1,30,,6923,6,0,25 24,1,70,,6926,6,0,25 24,1,30,,6913,6,0,25 24,1,70,,6928,6,0,25 24,1,30,,6922,6,0,25 24,1,70,,6930,6,0,25 24,1,30,,6915,6,0,25 24,1,70,,6917,6,0,25 24,1,30,,6925,6,0,25 24,1,70,,6908,6,0,25 24,1
7501,'13',734,,6943,6,0,25 24,1,100,,6945,6,0,25 24,1,100,,6944,6,0,25 24,1,100,,6941,6,0,25 24,1,100,,6938,6,0,25 24,1,100,,6947,6,0,25 24,1,100,,6940,6,0,25 24,1,100,,6949,6,0,25 24,1,100,,6946,6,0,25 24,1,100,,6936,6,0,25 24,1,100,,6937,6,0,25 24,1,100,,6935,6,0,25 24,1,100,,6939,6,0,25 24,1,100,,6950,6,0,25 24,1,100,,6942,6,0,25 24,1,100,,6948,6,0,25 24,1
7501,'3',734,,6957,5,0,11 2 23 24,1,70,,6970,5,0,11 2 23 24,1,30,,6968,5,0,11 2 23 24,1,70,,6951,5,0,11 2 23 24,1,30,,6958,5,0,11 2 23 24,1,70,,6981,5,0,11 2 23 24,1,30,,6973,5,0,11 2 23 24,1,70,,6956,5,0,11 2 23 24,1,30,,6966,5,0,11 2 23 24,1,70,,6969,5,0,11 2 23 24,1,30,,6976,5,0,11 2 23 24,1,70,,6965,5,0,11 2 23 24,1,30,,6962,5,0,11 2 23 24,1,70,,6960,5,0,11 2 23 24,1,30,,3287,5,0,11 2 23 24,1,70,,6964,5,0,11 2 23 24,1,30,,6952,5,0,11 2 23 24,1,70,,6980,5,0,11 2 23 24,1,30,,6954,5,0,11 2 23 24,1,70,,6959,5,0,11 2 23 24,1,30,,6953,5,0,11 2 23 24,1,70,,6978,5,0,11 2 23 24,1,30,,6972,6,0,25 24,1,70,,6975,6,0,25 24,1,30,,6961,6,0,25 24,1,70,,6977,6,0,25 24,1,30,,6971,6,0,25 24,1,70,,6979,6,0,25 24,1,30,,6963,6,0,25 24,1,70,,6967,6,0,25 24,1,30,,6974,6,0,25 24,1,70,,6955,6,0,25 24,1
