4001,'1',706,,5737,2,0,11 2 23 24,1,100,,5745,2,0,11 2 23 24,1,100,,5742,2,0,11 2 23 24,1,100,,5793,2,0,11 2 23 24,1,100,,5771,2,0,11 2 23 24,1,100,,5767,2,0,11 2 23 24,1,100,,5811,2,0,11 2 23 24,1,100,,5796,2,0,11 2 23 24,1,100,,5808,2,0,11 2 23 24,1,100,,5786,2,0,11 2 23 24,1,100,,5804,2,0,11 2 23 24,1,100,,5823,2,0,20 21 29 24,1,100,,5824,2,0,20 21 29 24,1,100,,5749,2,0,20 21 29 24,1,100,,5733,2,0,20 21 29 24,1,100,,5789,2,0,20 21 29 24,1
4001,'10',706,,5845,2,0,11 2 23 24,1,100,,5851,2,0,11 2 23 24,1,100,,5849,2,0,11 2 23 24,1,100,,5885,2,0,11 2 23 24,1,100,,2306,2,0,11 2 23 24,1,100,,5867,2,0,11 2 23 24,1,100,,5902,2,0,11 2 23 24,1,100,,5888,2,0,11 2 23 24,1,100,,5899,2,0,11 2 23 24,1,100,,5879,2,0,11 2 23 24,1,100,,5895,2,0,11 2 23 24,1,100,,5910,2,0,20 21 29 24,1,100,,5911,2,0,20 21 29 24,1,100,,5854,2,0,20 21 29 24,1,100,,5841,2,0,20 21 29 24,1,100,,5881,2,0,20 21 29 24,1
4001,'13',706,,5927,2,0,20 21 29 24,1,100,,5923,2,0,20 21 29 24,1,100,,5932,2,0,20 21 29 24,1,100,,5935,2,0,20 21 29 24,1,100,,5926,2,0,20 21 29 24,1,100,,5922,2,0,20 21 29 24,1,100,,5924,2,0,20 21 29 24,1,100,,5925,2,0,20 21 29 24,1,100,,5920,2,0,20 21 29 24,1,100,,5928,2,0,20 21 29 24,1,100,,5929,2,0,20 21 29 24,1,100,,5933,2,0,20 21 29 24,1,100,,5931,2,0,20 21 29 24,1,100,,5934,2,0,20 21 29 24,1,100,,5921,2,0,20 21 29 24,1,100,,5930,2,0,20 21 29 24,1
4001,'3',706,,5940,2,0,11 2 23 24,1,100,,5946,2,0,11 2 23 24,1,100,,5944,2,0,11 2 23 24,1,100,,5981,2,0,11 2 23 24,1,100,,2341,2,0,11 2 23 24,1,100,,5963,2,0,11 2 23 24,1,100,,5998,2,0,11 2 23 24,1,100,,5984,2,0,11 2 23 24,1,100,,5995,2,0,11 2 23 24,1,100,,5975,2,0,11 2 23 24,1,100,,5991,2,0,11 2 23 24,1,100,,6006,2,0,20 21 29 24,1,100,,6007,2,0,20 21 29 24,1,100,,5949,2,0,20 21 29 24,1,100,,5936,2,0,20 21 29 24,1,100,,5977,2,0,20 21 29 24,1
5001,'1',709,,6303,2,0,11 2 23 24,1,100,,6311,2,0,11 2 23 24,1,100,,6309,2,0,11 2 23 24,1,100,,6310,2,0,11 2 23 24,1,100,,6312,2,0,11 2 23 24,1,100,,6314,2,0,11 2 23 24,1,100,,6301,2,0,11 2 23 24,1,100,,6315,2,0,11 2 23 24,1,100,,6300,2,0,11 2 23 24,1,100,,6307,2,0,11 2 23 24,1,100,,6304,2,0,11 2 23 24,1,99,,6306,2,0,20 21 23 24,1,100,,6305,2,0,20 21 23 24,1,100,,6308,2,0,20 21 23 24,1,100,,6313,2,0,20 21 23 24,1,100,,6302,2,0,20 21 23 24,1
5001,'10',709,,6318,2,0,11 2 23 24,1,100,,6326,2,0,11 2 23 24,1,100,,6324,2,0,11 2 23 24,1,100,,6325,2,0,11 2 23 24,1,100,,6327,2,0,11 2 23 24,1,100,,6329,2,0,11 2 23 24,1,100,,6317,2,0,11 2 23 24,1,100,,6330,2,0,11 2 23 24,1,100,,6316,2,0,11 2 23 24,1,100,,6322,2,0,11 2 23 24,1,100,,6319,2,0,11 2 23 24,1,99,,6321,2,0,20 21 23 24,1,100,,6320,2,0,20 21 23 24,1,100,,6323,2,0,20 21 23 24,1,100,,6328,2,0,20 21 23 24,1,100,,4247,2,0,20 21 23 24,1
5001,'13',708,,6343,2,0,20 21 23 24,1,100,,6336,2,0,20 21 23 24,1,100,,6337,2,0,20 21 23 24,1,100,,6340,2,0,20 21 23 24,1,100,,6335,2,0,20 21 23 24,1,100,,6332,2,0,20 21 23 24,1,100,,6346,2,0,20 21 23 24,1,100,,6338,2,0,20 21 23 24,1,100,,6339,2,0,20 21 23 24,1,100,,6334,2,0,20 21 23 24,1,100,,6331,2,0,20 21 23 24,1,100,,6345,2,0,20 21 23 24,1,100,,6333,2,0,20 21 23 24,1,100,,6342,2,0,20 21 23 24,1,100,,6344,2,0,20 21 23 24,1,100,,6341,2,0,20 21 23 24,1
5001,'3',709,,6349,2,0,11 2 23 24,1,100,,6357,2,0,11 2 23 24,1,100,,6355,2,0,11 2 23 24,1,100,,6356,2,0,11 2 23 24,1,100,,6358,2,0,11 2 23 24,1,100,,6360,2,0,11 2 23 24,1,100,,6348,2,0,11 2 23 24,1,100,,6361,2,0,11 2 23 24,1,100,,6347,2,0,11 2 23 24,1,100,,6353,2,0,11 2 23 24,1,100,,6350,2,0,11 2 23 24,1,99,,6352,2,0,20 21 23 24,1,100,,6351,2,0,20 21 23 24,1,100,,6354,2,0,20 21 23 24,1,100,,6359,2,0,20 21 23 24,1,100,,4295,2,0,20 21 23 24,1
6001,'1',1802,,6426,2,0,20 21 7,1,30,,6456,2,0,20 21 7,1,70,,6425,2,0,20 21 7,1,30,,6448,2,0,20 21 7,1,70,,6459,2,0,20 21 7,1,30,,6433,2,0,20 21 7,1,70,,6446,2,0,20 21 7,1,30,,6430,2,0,20 21 7,1,70,,6469,2,0,20 21 7,1,30,,6441,2,0,20 21 7,1
6001,'10',1802,,6479,2,0,20 21 7,1,30,,6507,2,0,20 21 7,1,70,,6478,2,0,20 21 7,1,30,,6500,2,0,20 21 7,1,70,,6510,2,0,20 21 7,1,30,,6485,2,0,20 21 7,1,70,,3003,2,0,20 21 7,1,30,,6483,2,0,20 21 7,1,70,,6520,2,0,20 21 7,1,30,,6493,2,0,20 21 7,1
6001,'13',702,,6536,2,0,20 21 7,1,100,,6535,2,0,20 21 7,1,100,,6531,2,0,20 21 7,1,100,,6533,2,0,20 21 7,1,100,,6539,2,0,20 21 7,1,100,,6526,2,0,20 21 7,1,100,,6529,2,0,20 21 7,1,100,,6528,2,0,20 21 7,1,100,,6532,2,0,20 21 7,1,100,,6534,2,0,20 21 7,1,100,,6525,2,0,20 21 7,1,100,,6538,2,0,20 21 7,1,100,,6537,2,0,20 21 7,1,100,,6530,2,0,20 21 7,1,100,,4558,2,0,20 21 7,1,100,,6527,2,0,20 21 7,1
6001,'3',1802,,6545,2,0,20 21 7,1,30,,6573,2,0,20 21 7,1,70,,6544,2,0,20 21 7,1,30,,6566,2,0,20 21 7,1,70,,6576,2,0,20 21 7,1,30,,6551,2,0,20 21 7,1,70,,3237,2,0,20 21 7,1,30,,6549,2,0,20 21 7,1,70,,6586,2,0,20 21 7,1,30,,6559,2,0,20 21 7,1
