2200,'1',630,,6983,1,,,1,100,,6986,1,,,1,100,,6997,1,,,1,100,,6985,1,,,1,100,,6998,1,,,1,100,,6990,1,,,1,100,,6988,1,,,1,100,,6992,1,,,1,100,,6996,1,,,1,100,,6994,1,,,1,100,,6984,1,,,1,100,,6993,1,,,1,100,,6991,1,,,1,100,,6982,1,,,1,100,,6989,1,,,1,100,,6995,1,,,1,100,,6987,1,,,1
2200,'11',630,,7001,1,,,1,100,,7005,1,,,1,100,,7014,1,,,1,100,,7000,1,,,1,100,,7011,1,,,1,100,,7009,1,,,1,100,,7013,1,,,1,100,,7003,1,,,1,100,,7002,1,,,1,100,,7010,1,,,1,100,,7015,1,,,1,100,,7008,1,,,1,100,,6999,1,,,1,100,,7012,1,,,1,100,,7007,1,,,1,100,,7006,1,,,1,100,,7004,1,,,1
2200,'14',630,,7017,1,,,1,100,,7020,1,,,1,100,,7031,1,,,1,100,,7019,1,,,1,100,,7032,1,,,1,100,,7024,1,,,1,100,,7022,1,,,1,100,,7026,1,,,1,100,,7030,1,,,1,100,,7028,1,,,1,100,,7018,1,,,1,100,,7027,1,,,1,100,,7025,1,,,1,100,,7016,1,,,1,100,,7023,1,,,1,100,,7029,1,,,1,100,,7021,1,,,1
2200,'3',630,,7035,1,,,1,100,,7039,1,,,1,100,,7048,1,,,1,100,,7034,1,,,1,100,,7045,1,,,1,100,,7043,1,,,1,100,,7047,1,,,1,100,,7037,1,,,1,100,,7036,1,,,1,100,,7044,1,,,1,100,,7049,1,,,1,100,,7042,1,,,1,100,,7033,1,,,1,100,,7046,1,,,1,100,,7041,1,,,1,100,,7040,1,,,1,100,,7038,1,,,1
2201,'1',721,,7057,3,4,,1,100,,7062,3,4,,1,100,,6027,3,4,,1,100,,5788,3,4,,1,100,,7058,3,4,,1,100,,7051,3,4,,1,100,,7064,3,4,,1,100,,7053,3,4,,1,100,,7054,3,4,,1,100,,7056,3,4,,1,100,,7063,3,4,,1,100,,7061,3,4,,1,100,,7055,3,4,,1,100,,7060,3,4,,1,100,,7052,3,4,,1,100,,7059,3,4,,1,100,,7050,3,4,,1
2201,'11',721,,7066,3,4,,1,100,,7070,3,4,,1,100,,7067,3,4,,1,100,,7081,3,4,,1,100,,7078,3,4,,1,100,,7073,3,4,,1,100,,7075,3,4,,1,100,,7079,3,4,,1,100,,7080,3,4,,1,100,,7074,3,4,,1,100,,7072,3,4,,1,100,,7076,3,4,,1,100,,7069,3,4,,1,100,,7065,3,4,,1,100,,7077,3,4,,1,100,,7068,3,4,,1,100,,7071,3,4,,1
2201,'14',721,,7091,3,4,,1,100,,7096,3,4,,1,100,,7083,3,4,,1,100,,7089,3,4,,1,100,,7092,3,4,,1,100,,7084,3,4,,1,100,,7098,3,4,,1,100,,7086,3,4,,1,100,,7087,3,4,,1,100,,7090,3,4,,1,100,,7097,3,4,,1,100,,7095,3,4,,1,100,,7088,3,4,,1,100,,7094,3,4,,1,100,,7085,3,4,,1,100,,7093,3,4,,1,100,,7082,3,4,,1
2201,'3',721,,7100,3,4,,1,100,,7104,3,4,,1,100,,7101,3,4,,1,100,,7115,3,4,,1,100,,7112,3,4,,1,100,,7107,3,4,,1,100,,7109,3,4,,1,100,,7113,3,4,,1,100,,7114,3,4,,1,100,,7108,3,4,,1,100,,7106,3,4,,1,100,,7110,3,4,,1,100,,7103,3,4,,1,100,,7099,3,4,,1,100,,7111,3,4,,1,100,,7102,3,4,,1,100,,7105,3,4,,1
6001,'1',716,,7753,4,0,20 21 7,1,100,,7757,4,0,20 21 7,1,100,,7754,4,0,20 21 7,1,100,,7758,4,0,20 21 7,1,100,,7759,4,0,20 21 7,1,100,,7751,4,0,20 21 7,1,100,,7762,4,0,20 21 7,1,100,,7752,4,0,20 21 7,1,100,,7763,4,0,20 21 7,1,100,,7761,4,0,20 21 7,1,100,,7760,4,0,20 21 7,1,100,,7755,4,0,20 21 7,1,100,,7764,4,0,20 21 7,1,100,,7765,4,0,20 21 7,1,100,,7756,4,0,20 21 7,1,100,,7766,4,0,20 21 7,1
6001,'11',715,,7785,3,0,13 2 7 8 17,1,1,,7771,2,0,11 2 7,1,29,,7806,3,0,13 2 7 8 17,1,1,,7770,2,0,11 2 7,1,69,,7769,3,0,13 2 7 8 17,1,1,,7812,2,0,11 2 7,1,29,,7783,3,0,13 2 7 8 17,1,1,,7782,2,0,11 2 7,1,69,,7777,1,0,13 2 7 8 17,1,1,,7802,2,0,11 2 7,1,30,,7784,2,0,11 2 7,1,70,,7797,2,0,11 2 7,1,30,,7801,2,0,11 2 7,1,70,,7804,2,0,11 2 7,1,30,,7813,2,0,11 2 7,1,70,,7814,2,0,11 2 7,1,30,,7786,2,0,11 2 7,1,70,,7816,2,0,11 2 7,1,30,,7799,2,0,11 2 7,1,70,,7773,2,0,11 2 7,1,30,,7776,2,0,11 2 7,1,54,,7811,1,0,13 2 7 8 17,1,16,,7789,2,0,11 2 7,1,14,,7772,1,0,13 2 7 8 17,1,16,,5874,2,0,11 2 7,1,54,,7800,1,0,13 2 7 8 17,1,16,,7795,2,0,11 2 7,1,14,,7781,1,0,13 2 7 8 17,1,16,,7787,2,0,11 2 7,1,54,,7794,1,0,13 2 7 8 17,1,16,,7780,2,0,11 2 7,1,14,,7796,1,0,13 2 7 8 17,1,16,,7775,2,0,11 2 7,1,70,,7791,4,0,20 21 7,1,30,,7792,4,0,20 21 7,1,70,,5873,4,0,20 21 7,1,30,,7768,4,0,20 21 7,1,70,,7790,4,0,20 21 7,1,30,,7815,4,0,20 21 7,1,70,,7774,4,0,20 21 7,1,30,,7807,4,0,20 21 7,1,70,,7779,4,0,20 21 7,1,30,,7808,4,0,20 21 7,1
6001,'14',716,,7819,4,0,20 21 7,1,100,,7823,4,0,20 21 7,1,100,,7820,4,0,20 21 7,1,100,,7824,4,0,20 21 7,1,100,,7825,4,0,20 21 7,1,100,,7817,4,0,20 21 7,1,100,,7828,4,0,20 21 7,1,100,,7818,4,0,20 21 7,1,100,,7829,4,0,20 21 7,1,100,,7827,4,0,20 21 7,1,100,,7826,4,0,20 21 7,1,100,,7821,4,0,20 21 7,1,100,,7830,4,0,20 21 7,1,100,,7831,4,0,20 21 7,1,100,,7822,4,0,20 21 7,1,100,,7832,4,0,20 21 7,1
6001,'3',715,,7851,3,0,13 2 7 8 17,1,1,,7837,2,0,11 2 7,1,29,,7872,3,0,13 2 7 8 17,1,1,,7836,2,0,11 2 7,1,69,,7835,3,0,13 2 7 8 17,1,1,,7878,2,0,11 2 7,1,29,,7849,3,0,13 2 7 8 17,1,1,,7848,2,0,11 2 7,1,69,,7843,1,0,13 2 7 8 17,1,1,,7868,2,0,11 2 7,1,30,,7850,2,0,11 2 7,1,70,,7863,2,0,11 2 7,1,30,,7867,2,0,11 2 7,1,70,,7870,2,0,11 2 7,1,30,,7879,2,0,11 2 7,1,70,,7880,2,0,11 2 7,1,30,,7852,2,0,11 2 7,1,70,,7882,2,0,11 2 7,1,30,,7865,2,0,11 2 7,1,70,,7839,2,0,11 2 7,1,30,,7842,2,0,11 2 7,1,54,,7877,1,0,13 2 7 8 17,1,16,,7855,2,0,11 2 7,1,14,,7838,1,0,13 2 7 8 17,1,16,,5970,2,0,11 2 7,1,54,,7866,1,0,13 2 7 8 17,1,16,,7861,2,0,11 2 7,1,14,,7847,1,0,13 2 7 8 17,1,16,,7853,2,0,11 2 7,1,54,,7860,1,0,13 2 7 8 17,1,16,,7846,2,0,11 2 7,1,14,,7862,1,0,13 2 7 8 17,1,16,,7841,2,0,11 2 7,1,70,,7857,4,0,20 21 7,1,30,,7858,4,0,20 21 7,1,70,,5969,4,0,20 21 7,1,30,,7834,4,0,20 21 7,1,70,,7856,4,0,20 21 7,1,30,,7881,4,0,20 21 7,1,70,,7840,4,0,20 21 7,1,30,,7873,4,0,20 21 7,1,70,,7845,4,0,20 21 7,1,30,,7874,4,0,20 21 7,1
6501,'1',730,,7891,6,0,20 21 5 12,1,100,,7884,6,0,20 21 5 12,1,100,,7894,6,0,20 21 5 12,1,100,,7890,6,0,20 21 5 12,1,100,,7887,6,0,20 21 5 12,1,100,,7883,6,0,20 21 5 12,1,100,,7897,6,0,20 21 5 12,1,100,,7893,6,0,20 21 5 12,1,100,,7888,6,0,20 21 5 12,1,100,,7889,6,0,20 21 5 12,1,100,,7892,6,0,20 21 5 12,1,100,,7885,6,0,20 21 5 12,1,100,,7895,6,0,20 21 5 12,1,100,,7896,6,0,20 21 5 12,1,100,,7886,6,0,20 21 5 12,1,100,,7898,6,0,20 21 5 12,1
6501,'11',730,,7917,6,0,11 2 5 12,1,70,,7945,6,0,11 2 5 12,1,30,,7942,6,0,11 2 5 12,1,70,,7931,2,4,,1,30,,7944,6,0,11 2 5 12,1,1,,7948,2,4,,1,69,,7908,2,4,,1,30,,7929,6,0,11 2 5 12,1,70,,7904,6,0,11 2 5 12,1,30,,7906,6,0,11 2 5 12,1,70,,7920,6,0,11 2 5 12,1,30,,7905,6,0,11 2 5 12,1,70,,7930,6,0,11 2 5 12,1,30,,7949,6,0,11 2 5 12,1,70,,7950,6,0,11 2 5 12,1,30,,7928,6,0,11 2 5 12,1,70,,7909,6,0,11 2 5 12,1,22,,7918,2,4,,1,8,,7901,6,0,11 2 5 12,1,20,,7921,2,4,,1,50,,7936,6,0,11 2 5 12,1,22,,7913,2,4,,1,8,,7938,6,0,11 2 5 12,1,20,,7933,2,4,,1,50,,7941,6,0,11 2 5 12,1,22,,7914,2,4,,1,8,,7927,6,0,11 2 5 12,1,20,,7932,2,4,,1,50,,7915,6,0,11 2 5 12,1,22,,7937,2,4,,1,8,,7925,6,0,20 21 5 12,1,70,,6931,6,0,20 21 5 12,1,30,,7910,6,0,20 21 5 12,1,70,,7943,6,0,20 21 5 12,1,30,,7935,6,0,20 21 5 12,1,70,,7940,6,0,20 21 5 12,1,30,,7919,6,0,20 21 5 12,1,70,,7922,6,0,20 21 5 12,1,30,,7934,6,0,20 21 5 12,1,70,,7902,6,0,20 21 5 12,1
6501,'14',730,,7958,6,0,20 21 5 12,1,100,,7952,6,0,20 21 5 12,1,100,,7961,6,0,20 21 5 12,1,100,,7957,6,0,20 21 5 12,1,100,,7954,6,0,20 21 5 12,1,100,,7951,6,0,20 21 5 12,1,100,,7964,6,0,20 21 5 12,1,100,,7960,6,0,20 21 5 12,1,100,,7955,6,0,20 21 5 12,1,100,,7956,6,0,20 21 5 12,1,100,,7959,6,0,20 21 5 12,1,100,,5489,6,0,20 21 5 12,1,100,,7962,6,0,20 21 5 12,1,100,,7963,6,0,20 21 5 12,1,100,,7953,6,0,20 21 5 12,1,100,,7965,6,0,20 21 5 12,1
6501,'3',730,,7984,6,0,11 2 5 12,1,70,,8013,6,0,11 2 5 12,1,30,,8010,6,0,11 2 5 12,1,70,,7998,2,4,,1,30,,8012,6,0,11 2 5 12,1,1,,8016,2,4,,1,69,,7975,2,4,,1,30,,7996,6,0,11 2 5 12,1,70,,7971,6,0,11 2 5 12,1,30,,7973,6,0,11 2 5 12,1,70,,7987,6,0,11 2 5 12,1,30,,7972,6,0,11 2 5 12,1,70,,7997,6,0,11 2 5 12,1,30,,8017,6,0,11 2 5 12,1,70,,8018,6,0,11 2 5 12,1,30,,7995,6,0,11 2 5 12,1,70,,7976,6,0,11 2 5 12,1,22,,7985,2,4,,1,8,,7968,6,0,11 2 5 12,1,20,,7988,2,4,,1,50,,8003,6,0,11 2 5 12,1,22,,7980,2,4,,1,8,,8005,6,0,11 2 5 12,1,20,,8000,2,4,,1,50,,8009,6,0,11 2 5 12,1,22,,7981,2,4,,1,8,,7994,6,0,11 2 5 12,1,20,,7999,2,4,,1,50,,7982,6,0,11 2 5 12,1,22,,8004,2,4,,1,8,,7992,6,0,20 21 5 12,1,70,,8007,6,0,20 21 5 12,1,30,,7977,6,0,20 21 5 12,1,70,,8011,6,0,20 21 5 12,1,30,,8002,6,0,20 21 5 12,1,70,,8008,6,0,20 21 5 12,1,30,,7986,6,0,20 21 5 12,1,70,,7989,6,0,20 21 5 12,1,30,,8001,6,0,20 21 5 12,1,70,,7969,6,0,20 21 5 12,1
