4001,'1',726,,365,4,0,11 2 23 24,1,100,,440,4,0,11 2 23 24,1,100,,425,4,0,11 2 23 24,1,100,,359,4,0,11 2 23 24,1,100,,373,4,0,11 2 23 24,1,100,,418,4,0,11 2 23 24,1,100,,454,4,0,11 2 23 24,1,100,,422,4,0,11 2 23 24,1,100,,363,4,0,11 2 23 24,1,100,,448,4,0,11 2 23 24,1,100,,463,4,0,11 2 23 24,1,100,,417,4,0,20 21 29 24,1,100,,384,4,0,20 21 29 24,1,100,,410,4,0,20 21 29 24,1,100,,379,4,0,20 21 29 24,1,100,,415,4,0,20 21 29 24,1
4001,'10',726,,474,4,0,11 2 23 24,1,100,,543,4,0,11 2 23 24,1,100,,534,4,0,11 2 23 24,1,100,,545,4,0,11 2 23 24,1,100,,482,4,0,11 2 23 24,1,100,,483,4,0,11 2 23 24,1,100,,564,4,0,11 2 23 24,1,100,,512,4,0,11 2 23 24,1,100,,472,4,0,11 2 23 24,1,100,,558,4,0,11 2 23 24,1,100,,573,4,0,11 2 23 24,1,100,,528,4,0,20 21 29 24,1,100,,494,4,0,20 21 29 24,1,100,,521,4,0,20 21 29 24,1,100,,489,4,0,20 21 29 24,1,100,,526,4,0,20 21 29 24,1
4001,'11',726,,584,4,0,11 2 23 24,1,100,,652,4,0,11 2 23 24,1,100,,643,4,0,11 2 23 24,1,100,,654,4,0,11 2 23 24,1,100,,593,4,0,11 2 23 24,1,100,,684,4,0,11 2 23 24,1,100,,673,4,0,11 2 23 24,1,100,,592,4,0,11 2 23 24,1,100,,582,4,0,11 2 23 24,1,100,,667,4,0,11 2 23 24,1,100,,682,4,0,11 2 23 24,1,100,,637,4,0,20 21 29 24,1,100,,604,4,0,20 21 29 24,1,100,,630,4,0,20 21 29 24,1,100,,599,4,0,20 21 29 24,1,100,,635,4,0,20 21 29 24,1
4001,'14',726,,697,4,0,20 21 29 24,1,100,,701,4,0,20 21 29 24,1,100,,694,4,0,20 21 29 24,1,100,,686,4,0,20 21 29 24,1,100,,693,4,0,20 21 29 24,1,100,,691,4,0,20 21 29 24,1,100,,695,4,0,20 21 29 24,1,100,,692,4,0,20 21 29 24,1,100,,688,4,0,20 21 29 24,1,100,,698,4,0,20 21 29 24,1,100,,699,4,0,20 21 29 24,1,100,,689,4,0,20 21 29 24,1,100,,696,4,0,20 21 29 24,1,100,,687,4,0,20 21 29 24,1,100,,690,4,0,20 21 29 24,1,100,,700,4,0,20 21 29 24,1
4001,'3',726,,711,4,0,11 2 23 24,1,100,,786,4,0,11 2 23 24,1,100,,771,4,0,11 2 23 24,1,100,,705,4,0,11 2 23 24,1,100,,719,4,0,11 2 23 24,1,100,,764,4,0,11 2 23 24,1,100,,800,4,0,11 2 23 24,1,100,,768,4,0,11 2 23 24,1,100,,709,4,0,11 2 23 24,1,100,,794,4,0,11 2 23 24,1,100,,809,4,0,11 2 23 24,1,100,,763,4,0,20 21 29 24,1,100,,730,4,0,20 21 29 24,1,100,,756,4,0,20 21 29 24,1,100,,725,4,0,20 21 29 24,1,100,,761,4,0,20 21 29 24,1
4501,'1',726,,842,2,0,11 2 5 12,1,100,,839,2,0,11 2 5 12,1,100,,850,2,0,11 2 5 12,1,100,,868,2,0,11 2 5 12,1,100,,898,2,0,11 2 5 12,1,100,,826,2,0,11 2 5 12,1,100,,904,2,0,11 2 5 12,1,100,,887,2,0,11 2 5 12,1,100,,872,2,0,11 2 5 12,1,100,,899,2,0,11 2 5 12,1,100,,820,2,0,11 2 5 12,1,100,,835,4,0,20 21 30 12,1,100,,830,4,0,20 21 30 12,1,100,,919,4,0,20 21 30 12,1,100,,905,4,0,20 21 30 12,1,100,,840,4,0,20 21 30 12,1
4501,'10',726,,1013,2,0,11 2 5 12,1,100,,950,2,0,11 2 5 12,1,100,,925,2,0,11 2 5 12,1,100,,977,2,0,11 2 5 12,1,100,,998,2,0,11 2 5 12,1,100,,937,2,0,11 2 5 12,1,100,,1023,2,0,11 2 5 12,1,100,,996,2,0,11 2 5 12,1,100,,981,2,0,11 2 5 12,1,100,,1008,2,0,11 2 5 12,1,100,,931,2,0,11 2 5 12,1,100,,946,4,0,20 21 30 12,1,100,,941,4,0,20 21 30 12,1,100,,1029,4,0,20 21 30 12,1,100,,1014,4,0,20 21 30 12,1,100,,951,4,0,20 21 30 12,1
4501,'11',726,,1124,2,0,11 2 5 12,1,100,,1061,2,0,11 2 5 12,1,100,,1035,2,0,11 2 5 12,1,100,,1088,2,0,11 2 5 12,1,100,,1109,2,0,11 2 5 12,1,100,,1048,2,0,11 2 5 12,1,100,,1041,2,0,11 2 5 12,1,100,,1107,2,0,11 2 5 12,1,100,,1092,2,0,11 2 5 12,1,100,,1119,2,0,11 2 5 12,1,100,,1042,2,0,11 2 5 12,1,100,,1057,4,0,20 21 30 12,1,100,,1052,4,0,20 21 30 12,1,100,,1139,4,0,20 21 30 12,1,100,,1125,4,0,20 21 30 12,1,100,,1062,4,0,20 21 30 12,1
4501,'14',726,,1154,4,0,20 21 30 12,1,100,,1148,4,0,20 21 30 12,1,100,,1149,4,0,20 21 30 12,1,100,,1143,4,0,20 21 30 12,1,100,,1145,4,0,20 21 30 12,1,100,,1151,4,0,20 21 30 12,1,100,,1153,4,0,20 21 30 12,1,100,,1156,4,0,20 21 30 12,1,100,,1150,4,0,20 21 30 12,1,100,,1142,4,0,20 21 30 12,1,100,,1147,4,0,20 21 30 12,1,100,,1144,4,0,20 21 30 12,1,100,,1157,4,0,20 21 30 12,1,100,,1152,4,0,20 21 30 12,1,100,,1146,4,0,20 21 30 12,1,100,,1155,4,0,20 21 30 12,1
4501,'3',726,,1188,2,0,11 2 5 12,1,100,,1185,2,0,11 2 5 12,1,100,,1196,2,0,11 2 5 12,1,100,,1214,2,0,11 2 5 12,1,100,,1244,2,0,11 2 5 12,1,100,,1172,2,0,11 2 5 12,1,100,,1250,2,0,11 2 5 12,1,100,,1233,2,0,11 2 5 12,1,100,,1218,2,0,11 2 5 12,1,100,,1245,2,0,11 2 5 12,1,100,,1166,2,0,11 2 5 12,1,100,,1181,4,0,20 21 30 12,1,100,,1176,4,0,20 21 30 12,1,100,,1265,4,0,20 21 30 12,1,100,,1251,4,0,20 21 30 12,1,100,,1186,4,0,20 21 30 12,1
