5001,'1',735,,6303,10,0,11 2 23 24,1,100,,6311,10,0,11 2 23 24,1,100,,6309,10,0,11 2 23 24,1,100,,6310,10,0,11 2 23 24,1,100,,6312,10,0,11 2 23 24,1,100,,6314,10,0,11 2 23 24,1,100,,6301,10,0,11 2 23 24,1,100,,6315,10,0,11 2 23 24,1,100,,6300,10,0,11 2 23 24,1,100,,6307,10,0,11 2 23 24,1,100,,6304,10,0,11 2 23 24,1,99,,6306,10,0,20 21 23 24,1,100,,6305,10,0,20 21 23 24,1,100,,6308,10,0,20 21 23 24,1,100,,6313,10,0,20 21 23 24,1,100,,6302,10,0,20 21 23 24,1
5001,'10',735,,6318,10,0,11 2 23 24,1,100,,6326,10,0,11 2 23 24,1,100,,6324,10,0,11 2 23 24,1,100,,6325,10,0,11 2 23 24,1,100,,6327,10,0,11 2 23 24,1,100,,6329,10,0,11 2 23 24,1,100,,6317,10,0,11 2 23 24,1,100,,6330,10,0,11 2 23 24,1,100,,6316,10,0,11 2 23 24,1,100,,6322,10,0,11 2 23 24,1,100,,6319,10,0,11 2 23 24,1,99,,6321,10,0,20 21 23 24,1,100,,6320,10,0,20 21 23 24,1,100,,6323,10,0,20 21 23 24,1,100,,6328,10,0,20 21 23 24,1,100,,4247,10,0,20 21 23 24,1
5001,'13',734,,6343,10,0,20 21 23 24,1,100,,6336,10,0,20 21 23 24,1,100,,6337,10,0,20 21 23 24,1,100,,6340,10,0,20 21 23 24,1,100,,6335,10,0,20 21 23 24,1,100,,6332,10,0,20 21 23 24,1,100,,6346,10,0,20 21 23 24,1,100,,6338,10,0,20 21 23 24,1,100,,6339,10,0,20 21 23 24,1,100,,6334,10,0,20 21 23 24,1,100,,6331,10,0,20 21 23 24,1,100,,6345,10,0,20 21 23 24,1,100,,6333,10,0,20 21 23 24,1,100,,6342,10,0,20 21 23 24,1,100,,6344,10,0,20 21 23 24,1,100,,6341,10,0,20 21 23 24,1
5001,'3',735,,6349,10,0,11 2 23 24,1,100,,6357,10,0,11 2 23 24,1,100,,6355,10,0,11 2 23 24,1,100,,6356,10,0,11 2 23 24,1,100,,6358,10,0,11 2 23 24,1,100,,6360,10,0,11 2 23 24,1,100,,6348,10,0,11 2 23 24,1,100,,6361,10,0,11 2 23 24,1,100,,6347,10,0,11 2 23 24,1,100,,6353,10,0,11 2 23 24,1,100,,6350,10,0,11 2 23 24,1,99,,6352,10,0,20 21 23 24,1,100,,6351,10,0,20 21 23 24,1,100,,6354,10,0,20 21 23 24,1,100,,6359,10,0,20 21 23 24,1,100,,4295,10,0,20 21 23 24,1
5501,'1',719,,6366,5,0,11 2 5 12,1,100,,6362,5,0,11 2 5 12,1,100,,6377,5,0,11 2 5 12,1,100,,6367,5,0,11 2 5 12,1,100,,6368,5,0,11 2 5 12,1,100,,6370,5,0,11 2 5 12,1,100,,6371,5,0,11 2 5 12,1,100,,6376,5,0,11 2 5 12,1,100,,6364,5,0,11 2 5 12,1,100,,6369,5,0,11 2 5 12,1,100,,6363,5,0,11 2 5 12,1,103,,6365,6,0,20 21 5 12,1,100,,6372,6,0,20 21 5 12,1,100,,6375,6,0,20 21 5 12,1,100,,6373,6,0,20 21 5 12,1,100,,6374,6,0,20 21 5 12,1
5501,'10',719,,6381,5,0,11 2 5 12,1,100,,6378,5,0,11 2 5 12,1,100,,6391,5,0,11 2 5 12,1,100,,6382,5,0,11 2 5 12,1,100,,6383,5,0,11 2 5 12,1,100,,6385,5,0,11 2 5 12,1,100,,6386,5,0,11 2 5 12,1,100,,6390,5,0,11 2 5 12,1,100,,6380,5,0,11 2 5 12,1,100,,6384,5,0,11 2 5 12,1,100,,6379,5,0,11 2 5 12,1,103,,2978,6,0,20 21 5 12,1,100,,6387,6,0,20 21 5 12,1,100,,6389,6,0,20 21 5 12,1,100,,3012,6,0,20 21 5 12,1,100,,6388,6,0,20 21 5 12,1
5501,'13',722,,6403,6,0,20 21 5 12,1,100,,6393,6,0,20 21 5 12,1,100,,6400,6,0,20 21 5 12,1,100,,6398,6,0,20 21 5 12,1,100,,6397,6,0,20 21 5 12,1,100,,6406,6,0,20 21 5 12,1,100,,6405,6,0,20 21 5 12,1,100,,6399,6,0,20 21 5 12,1,100,,6401,6,0,20 21 5 12,1,100,,6404,6,0,20 21 5 12,1,100,,6394,6,0,20 21 5 12,1,100,,6395,6,0,20 21 5 12,1,100,,6392,6,0,20 21 5 12,1,100,,6407,6,0,20 21 5 12,1,100,,6402,6,0,20 21 5 12,1,100,,6396,6,0,20 21 5 12,1
5501,'3',719,,6410,5,0,11 2 5 12,1,100,,6408,5,0,11 2 5 12,1,100,,6420,5,0,11 2 5 12,1,100,,6411,5,0,11 2 5 12,1,100,,6412,5,0,11 2 5 12,1,100,,6414,5,0,11 2 5 12,1,100,,6415,5,0,11 2 5 12,1,100,,6419,5,0,11 2 5 12,1,100,,6409,5,0,11 2 5 12,1,100,,6413,5,0,11 2 5 12,1,100,,3202,5,0,11 2 5 12,1,103,,3211,6,0,20 21 5 12,1,100,,6416,6,0,20 21 5 12,1,100,,6418,6,0,20 21 5 12,1,100,,3246,6,0,20 21 5 12,1,100,,6417,6,0,20 21 5 12,1
7501,'1',736,,6878,7,0,11 2 23 24,1,70,,6891,7,0,11 2 23 24,1,30,,6889,7,0,11 2 23 24,1,70,,6872,7,0,11 2 23 24,1,30,,6879,7,0,11 2 23 24,1,70,,6902,7,0,11 2 23 24,1,30,,6894,7,0,11 2 23 24,1,70,,6877,7,0,11 2 23 24,1,30,,6887,7,0,11 2 23 24,1,70,,6890,7,0,11 2 23 24,1,30,,6897,7,0,11 2 23 24,1,70,,6886,7,0,11 2 23 24,1,30,,6883,7,0,11 2 23 24,1,70,,6881,7,0,11 2 23 24,1,30,,6903,7,0,11 2 23 24,1,70,,6885,7,0,11 2 23 24,1,30,,6873,7,0,11 2 23 24,1,70,,6901,7,0,11 2 23 24,1,30,,6875,7,0,11 2 23 24,1,70,,6880,7,0,11 2 23 24,1,30,,6874,7,0,11 2 23 24,1,70,,6899,7,0,11 2 23 24,1,30,,6893,8,0,25 24,1,70,,6896,8,0,25 24,1,30,,6882,8,0,25 24,1,70,,6898,8,0,25 24,1,30,,6892,8,0,25 24,1,70,,6900,8,0,25 24,1,30,,6884,8,0,25 24,1,70,,6888,8,0,25 24,1,30,,6895,8,0,25 24,1,70,,6876,8,0,25 24,1
7501,'10',736,,6909,7,0,11 2 23 24,1,70,,6921,7,0,11 2 23 24,1,30,,6918,7,0,11 2 23 24,1,70,,6932,7,0,11 2 23 24,1,30,,6910,7,0,11 2 23 24,1,70,,6934,7,0,11 2 23 24,1,30,,6924,7,0,11 2 23 24,1,70,,6920,7,0,11 2 23 24,1,30,,6916,7,0,11 2 23 24,1,70,,6919,7,0,11 2 23 24,1,30,,6927,7,0,11 2 23 24,1,70,,6931,7,0,11 2 23 24,1,30,,6914,7,0,11 2 23 24,1,70,,6912,7,0,11 2 23 24,1,30,,3054,7,0,11 2 23 24,1,70,,6904,7,0,11 2 23 24,1,30,,6905,7,0,11 2 23 24,1,70,,6933,7,0,11 2 23 24,1,30,,6907,7,0,11 2 23 24,1,70,,6911,7,0,11 2 23 24,1,30,,6906,7,0,11 2 23 24,1,70,,6929,7,0,11 2 23 24,1,30,,6923,8,0,25 24,1,70,,6926,8,0,25 24,1,30,,6913,8,0,25 24,1,70,,6928,8,0,25 24,1,30,,6922,8,0,25 24,1,70,,6930,8,0,25 24,1,30,,6915,8,0,25 24,1,70,,6917,8,0,25 24,1,30,,6925,8,0,25 24,1,70,,6908,8,0,25 24,1
7501,'13',736,,6943,8,0,25 24,1,100,,6945,8,0,25 24,1,100,,6944,8,0,25 24,1,100,,6941,8,0,25 24,1,100,,6938,8,0,25 24,1,100,,6947,8,0,25 24,1,100,,6940,8,0,25 24,1,100,,6949,8,0,25 24,1,100,,6946,8,0,25 24,1,100,,6936,8,0,25 24,1,100,,6937,8,0,25 24,1,100,,6935,8,0,25 24,1,100,,6939,8,0,25 24,1,100,,6950,8,0,25 24,1,100,,6942,8,0,25 24,1,100,,6948,8,0,25 24,1
7501,'3',736,,6957,7,0,11 2 23 24,1,70,,6970,7,0,11 2 23 24,1,30,,6968,7,0,11 2 23 24,1,70,,6951,7,0,11 2 23 24,1,30,,6958,7,0,11 2 23 24,1,70,,6981,7,0,11 2 23 24,1,30,,6973,7,0,11 2 23 24,1,70,,6956,7,0,11 2 23 24,1,30,,6966,7,0,11 2 23 24,1,70,,6969,7,0,11 2 23 24,1,30,,6976,7,0,11 2 23 24,1,70,,6965,7,0,11 2 23 24,1,30,,6962,7,0,11 2 23 24,1,70,,6960,7,0,11 2 23 24,1,30,,3287,7,0,11 2 23 24,1,70,,6964,7,0,11 2 23 24,1,30,,6952,7,0,11 2 23 24,1,70,,6980,7,0,11 2 23 24,1,30,,6954,7,0,11 2 23 24,1,70,,6959,7,0,11 2 23 24,1,30,,6953,7,0,11 2 23 24,1,70,,6978,7,0,11 2 23 24,1,30,,6972,8,0,25 24,1,70,,6975,8,0,25 24,1,30,,6961,8,0,25 24,1,70,,6977,8,0,25 24,1,30,,6971,8,0,25 24,1,70,,6979,8,0,25 24,1,30,,6963,8,0,25 24,1,70,,6967,8,0,25 24,1,30,,6974,8,0,25 24,1,70,,6955,8,0,25 24,1
