4001,'10',738,,2735,5,0,20 21 29 24,1,100,,2728,5,0,20 21 29 24,1,100,,2724,5,0,20 21 29 24,1,100,,2733,5,0,20 21 29 24,1,100,,2732,5,0,20 21 29 24,1,100,,2730,5,0,20 21 29 24,1,100,,2726,5,0,20 21 29 24,1,100,,2725,5,0,20 21 29 24,1,100,,2734,5,0,20 21 29 24,1,100,,2727,5,0,20 21 29 24,1,100,,2729,5,0,20 21 29 24,1,100,,2721,5,0,20 21 29 24,1,100,,2722,5,0,20 21 29 24,1,100,,2723,5,0,20 21 29 24,1,100,,2736,5,0,20 21 29 24,1,100,,2731,5,0,20 21 29 24,1
4001,'15',1838,,2751,5,0,20 21 29 24,1,100,,2769,5,0,20 21 29 24,1,100,,2820,5,0,20 21 29 24,1,100,,2836,5,0,20 21 29 24,1,100,,2804,5,0,20 21 29 24,1
4001,'16',1838,,2860,5,0,20 21 29 24,1,100,,2878,5,0,20 21 29 24,1,100,,2927,5,0,20 21 29 24,1,100,,2943,5,0,20 21 29 24,1,100,,2912,5,0,20 21 29 24,1
4001,'17',1838,,2966,5,0,20 21 29 24,1,100,,2984,5,0,20 21 29 24,1,100,,3030,5,0,20 21 29 24,1,100,,3048,5,0,20 21 29 24,1,100,,3016,5,0,20 21 29 24,1
4001,'19',1838,,3073,5,0,20 21 29 24,1,100,,3091,5,0,20 21 29 24,1,100,,3141,5,0,20 21 29 24,1,100,,3157,5,0,20 21 29 24,1,100,,3126,5,0,20 21 29 24,1
4001,'21',738,,3183,5,0,20 21 29 24,1,100,,3176,5,0,20 21 29 24,1,100,,3172,5,0,20 21 29 24,1,100,,3181,5,0,20 21 29 24,1,100,,3180,5,0,20 21 29 24,1,100,,3178,5,0,20 21 29 24,1,100,,3174,5,0,20 21 29 24,1,100,,3173,5,0,20 21 29 24,1,100,,3182,5,0,20 21 29 24,1,100,,3175,5,0,20 21 29 24,1,100,,3177,5,0,20 21 29 24,1,100,,3169,5,0,20 21 29 24,1,100,,3170,5,0,20 21 29 24,1,100,,3171,5,0,20 21 29 24,1,100,,3184,5,0,20 21 29 24,1,100,,3179,5,0,20 21 29 24,1
4001,'5',1838,,3198,5,0,20 21 29 24,1,100,,3216,5,0,20 21 29 24,1,100,,3265,5,0,20 21 29 24,1,100,,3281,5,0,20 21 29 24,1,100,,3250,5,0,20 21 29 24,1
4001,'6',1838,,3305,5,0,20 21 29 24,1,100,,3323,5,0,20 21 29 24,1,100,,3372,5,0,20 21 29 24,1,100,,3389,5,0,20 21 29 24,1,100,,3356,5,0,20 21 29 24,1
4501,'10',713,,3413,3,0,20 21 30 12,1,100,,3402,3,0,20 21 30 12,1,100,,3407,3,0,20 21 30 12,1,100,,3408,3,0,20 21 30 12,1,100,,3415,3,0,20 21 30 12,1,100,,3411,3,0,20 21 30 12,1,100,,3412,3,0,20 21 30 12,1,100,,3405,3,0,20 21 30 12,1,100,,3410,3,0,20 21 30 12,1,100,,3414,3,0,20 21 30 12,1,100,,3404,3,0,20 21 30 12,1,100,,3416,3,0,20 21 30 12,1,100,,3409,3,0,20 21 30 12,1,100,,3403,3,0,20 21 30 12,1,100,,3406,3,0,20 21 30 12,1,100,,3401,3,0,20 21 30 12,1
4501,'15',1813,,3497,3,0,20 21 30 12,1,100,,3430,3,0,20 21 30 12,1,100,,3427,3,0,20 21 30 12,1,100,,3477,3,0,20 21 30 12,1,100,,3438,3,0,20 21 30 12,1
4501,'16',1813,,3601,3,0,20 21 30 12,1,100,,3540,3,0,20 21 30 12,1,100,,3537,3,0,20 21 30 12,1,100,,1002,3,0,20 21 30 12,1,100,,3548,3,0,20 21 30 12,1
4501,'17',1813,,3704,3,0,20 21 30 12,1,100,,3642,3,0,20 21 30 12,1,100,,1041,3,0,20 21 30 12,1,100,,1113,3,0,20 21 30 12,1,100,,3651,3,0,20 21 30 12,1
4501,'19',1813,,3814,3,0,20 21 30 12,1,100,,3746,3,0,20 21 30 12,1,100,,3744,3,0,20 21 30 12,1,100,,3794,3,0,20 21 30 12,1,100,,3754,3,0,20 21 30 12,1
4501,'21',713,,3855,3,0,20 21 30 12,1,100,,3844,3,0,20 21 30 12,1,100,,3849,3,0,20 21 30 12,1,100,,3850,3,0,20 21 30 12,1,100,,3857,3,0,20 21 30 12,1,100,,3853,3,0,20 21 30 12,1,100,,3854,3,0,20 21 30 12,1,100,,3847,3,0,20 21 30 12,1,100,,3852,3,0,20 21 30 12,1,100,,3856,3,0,20 21 30 12,1,100,,3846,3,0,20 21 30 12,1,100,,3858,3,0,20 21 30 12,1,100,,3851,3,0,20 21 30 12,1,100,,3845,3,0,20 21 30 12,1,100,,3848,3,0,20 21 30 12,1,100,,3843,3,0,20 21 30 12,1
4501,'5',1813,,3933,3,0,20 21 30 12,1,100,,3872,3,0,20 21 30 12,1,100,,3869,3,0,20 21 30 12,1,100,,1238,3,0,20 21 30 12,1,100,,3880,3,0,20 21 30 12,1
4501,'6',1813,,4044,3,0,20 21 30 12,1,100,,3976,3,0,20 21 30 12,1,100,,3974,3,0,20 21 30 12,1,100,,4023,3,0,20 21 30 12,1,100,,3984,3,0,20 21 30 12,1
