3400,'1',736,,282,5,4,,1,170,,283,5,4,,1,130,,278,5,4,,1,170,,277,5,4,,1,130,,276,5,4,,1,170,,285,5,4,,1,130,,279,5,4,,1,170,,284,5,4,,1,130,,280,5,4,,1,170,,281,5,4,,1
3400,'10',736,,292,5,4,,1,170,,293,5,4,,1,130,,288,5,4,,1,170,,287,5,4,,1,130,,286,5,4,,1,170,,295,5,4,,1,130,,289,5,4,,1,170,,294,5,4,,1,130,,290,5,4,,1,170,,291,5,4,,1
3400,'11',736,,302,5,4,,1,170,,303,5,4,,1,130,,298,5,4,,1,170,,297,5,4,,1,130,,296,5,4,,1,170,,305,5,4,,1,130,,299,5,4,,1,170,,304,5,4,,1,130,,300,5,4,,1,170,,301,5,4,,1
3400,'3',736,,312,5,4,,1,170,,313,5,4,,1,130,,308,5,4,,1,170,,307,5,4,,1,130,,306,5,4,,1,170,,315,5,4,,1,130,,309,5,4,,1,170,,314,5,4,,1,130,,310,5,4,,1,170,,311,5,4,,1
3401,'1',745,,322,1,0,5 6 7 8 2 7 10,1,170,,318,1,0,5 6 7 8 2 7 10,1,130,,320,1,0,5 6 7 8 2 7 10,1,170,,323,1,0,5 6 7 8 2 7 10,1,130,,324,1,0,5 6 7 8 2 7 10,1,170,,317,1,0,5 6 7 8 2 7 10,1,130,,319,1,0,5 6 7 8 2 7 10,1,170,,325,1,0,5 6 7 8 2 7 10,1,130,,316,1,0,5 6 7 8 2 7 10,1,170,,321,1,0,5 6 7 8 2 7 10,1
3401,'10',745,,332,1,0,5 6 7 8 2 7 10,1,170,,328,1,0,5 6 7 8 2 7 10,1,130,,330,1,0,5 6 7 8 2 7 10,1,170,,333,1,0,5 6 7 8 2 7 10,1,130,,334,1,0,5 6 7 8 2 7 10,1,170,,327,1,0,5 6 7 8 2 7 10,1,130,,329,1,0,5 6 7 8 2 7 10,1,170,,335,1,0,5 6 7 8 2 7 10,1,130,,326,1,0,5 6 7 8 2 7 10,1,170,,331,1,0,5 6 7 8 2 7 10,1
3401,'11',745,,342,1,0,5 6 7 8 2 7 10,1,170,,338,1,0,5 6 7 8 2 7 10,1,130,,340,1,0,5 6 7 8 2 7 10,1,170,,343,1,0,5 6 7 8 2 7 10,1,130,,344,1,0,5 6 7 8 2 7 10,1,170,,337,1,0,5 6 7 8 2 7 10,1,130,,339,1,0,5 6 7 8 2 7 10,1,170,,345,1,0,5 6 7 8 2 7 10,1,130,,336,1,0,5 6 7 8 2 7 10,1,170,,341,1,0,5 6 7 8 2 7 10,1
3401,'3',745,,352,1,0,5 6 7 8 2 7 10,1,170,,348,1,0,5 6 7 8 2 7 10,1,130,,350,1,0,5 6 7 8 2 7 10,1,170,,353,1,0,5 6 7 8 2 7 10,1,130,,354,1,0,5 6 7 8 2 7 10,1,170,,347,1,0,5 6 7 8 2 7 10,1,130,,349,1,0,5 6 7 8 2 7 10,1,170,,355,1,0,5 6 7 8 2 7 10,1,130,,346,1,0,5 6 7 8 2 7 10,1,170,,351,1,0,5 6 7 8 2 7 10,1
4001,'1',719,,427,3,4,,1,1,,375,1,,,1,19,,444,3,4,,1,1,,430,1,,,1,19,,446,3,4,,1,41,,364,1,,,1,19,,464,3,4,,1,1,,457,1,,,1,19,,394,3,4,,1,1,,391,1,,,1,19,,421,3,4,,1,41,,445,1,,,1,19,,390,3,4,,1,1,,398,1,,,1,19,,433,3,4,,1,1,,426,1,,,1,19,,437,3,4,,1,41,,419,1,,,1,19,,387,3,4,,1,1,,405,1,,,1,19,,385,3,4,,1,1,,413,1,,,1,19,,370,3,4,,1,41,,381,1,,,1,19,,456,3,4,,1,1,,409,1,,,1,19,,460,3,4,,1,1,,416,1,,,1,19,,376,3,4,,1,41,,455,1,,,1,19,,357,3,4,,1,1,,380,1,,,1,19,,372,3,4,,1,1,,441,1,,,1,19,,403,3,4,,1,41,,358,1,,,1,19,,369,3,4,,1,1,,424,1,,,1,19,,396,3,4,,1,1,,436,1,,,1,19,,443,3,4,,1,41,,361,1,,,1,19,,386,3,4,,1,1,,431,1,,,1,19,,442,3,4,,1,1,,449,1,,,1,19,,393,3,4,,1,41,,435,1,,,1,19,,395,3,4,,1,1,,383,1,,,1,19,,371,3,4,,1,1,,378,1,,,1,19,,406,3,4,,1,41,,428,1,,,1,19,,374,3,4,,1,1,,451,1,,,1,19,,439,3,4,,1,1,,400,1,,,1,19,,392,3,4,,1,41,,412,1,,,1,19,,404,3,4,,1,1,,452,1,,,1,19,,438,3,4,,1,1,,411,1,,,1,19,,402,3,4,,1,41,,447,1,,,1,19,,388,3,4,,1,1,,465,1,,,1,19,,401,3,4,,1,1,,434,1,,,1,19,,459,3,4,,1,41,,453,1,,,1,19,,356,3,4,,1,1,,377,1,,,1,19,,368,3,4,,1,1,,382,1,,,1,19,,461,3,4,,1,41,,450,1,,,1,19,,432,3,4,,1,1,,420,1,,,1,19,,362,3,4,,1,1,,367,1,,,1,19,,408,3,4,,1,41,,397,1,,,1,19,,389,3,4,,1,1,,366,1,,,1,19,,360,3,4,,1,1,,414,1,,,1,19,,458,3,4,,1,41,,462,1,,,1,19,,429,3,4,,1,1,,407,1,,,1,19,,399,3,4,,1,1,,423,1,,,1
4001,'10',719,,536,3,4,,1,1,,485,1,,,1,19,,554,3,4,,1,1,,539,1,,,1,19,,556,3,4,,1,41,,473,1,,,1,19,,574,3,4,,1,1,,567,1,,,1,19,,504,3,4,,1,1,,501,1,,,1,19,,531,3,4,,1,41,,555,1,,,1,19,,500,3,4,,1,1,,508,1,,,1,19,,542,3,4,,1,1,,535,1,,,1,19,,548,3,4,,1,41,,529,1,,,1,19,,497,3,4,,1,1,,516,1,,,1,19,,495,3,4,,1,1,,524,1,,,1,19,,479,3,4,,1,41,,491,1,,,1,19,,566,3,4,,1,1,,520,1,,,1,19,,570,3,4,,1,1,,527,1,,,1,19,,486,3,4,,1,41,,565,1,,,1,19,,467,3,4,,1,1,,490,1,,,1,19,,481,3,4,,1,1,,551,1,,,1,19,,514,3,4,,1,41,,468,1,,,1,19,,478,3,4,,1,1,,533,1,,,1,19,,506,3,4,,1,1,,547,1,,,1,19,,553,3,4,,1,41,,470,1,,,1,19,,496,3,4,,1,1,,540,1,,,1,19,,552,3,4,,1,1,,559,1,,,1,19,,503,3,4,,1,41,,546,1,,,1,19,,505,3,4,,1,1,,493,1,,,1,19,,480,3,4,,1,1,,488,1,,,1,19,,517,3,4,,1,41,,537,1,,,1,19,,484,3,4,,1,1,,561,1,,,1,19,,550,3,4,,1,1,,510,1,,,1,19,,502,3,4,,1,41,,523,1,,,1,19,,515,3,4,,1,1,,562,1,,,1,19,,549,3,4,,1,1,,522,1,,,1,19,,513,3,4,,1,41,,557,1,,,1,19,,498,3,4,,1,1,,575,1,,,1,19,,511,3,4,,1,1,,544,1,,,1,19,,569,3,4,,1,41,,563,1,,,1,19,,466,3,4,,1,1,,487,1,,,1,19,,477,3,4,,1,1,,492,1,,,1,19,,571,3,4,,1,41,,560,1,,,1,19,,541,3,4,,1,1,,530,1,,,1,19,,471,3,4,,1,1,,476,1,,,1,19,,519,3,4,,1,41,,507,1,,,1,19,,499,3,4,,1,1,,475,1,,,1,19,,469,3,4,,1,1,,525,1,,,1,19,,568,3,4,,1,41,,572,1,,,1,19,,538,3,4,,1,1,,518,1,,,1,19,,509,3,4,,1,1,,532,1,,,1
4001,'11',719,,645,3,4,,1,1,,595,1,,,1,19,,663,3,4,,1,1,,648,1,,,1,19,,665,3,4,,1,41,,583,1,,,1,19,,683,3,4,,1,1,,676,1,,,1,19,,614,3,4,,1,1,,611,1,,,1,19,,640,3,4,,1,41,,664,1,,,1,19,,610,3,4,,1,1,,618,1,,,1,19,,651,3,4,,1,1,,644,1,,,1,19,,657,3,4,,1,41,,638,1,,,1,19,,607,3,4,,1,1,,625,1,,,1,19,,605,3,4,,1,1,,633,1,,,1,19,,589,3,4,,1,41,,601,1,,,1,19,,675,3,4,,1,1,,629,1,,,1,19,,679,3,4,,1,1,,636,1,,,1,19,,596,3,4,,1,41,,674,1,,,1,19,,577,3,4,,1,1,,600,1,,,1,19,,591,3,4,,1,1,,660,1,,,1,19,,623,3,4,,1,41,,578,1,,,1,19,,588,3,4,,1,1,,642,1,,,1,19,,616,3,4,,1,1,,656,1,,,1,19,,662,3,4,,1,41,,580,1,,,1,19,,606,3,4,,1,1,,649,1,,,1,19,,661,3,4,,1,1,,668,1,,,1,19,,613,3,4,,1,41,,655,1,,,1,19,,615,3,4,,1,1,,603,1,,,1,19,,590,3,4,,1,1,,598,1,,,1,19,,626,3,4,,1,41,,646,1,,,1,19,,594,3,4,,1,1,,670,1,,,1,19,,659,3,4,,1,1,,620,1,,,1,19,,612,3,4,,1,41,,632,1,,,1,19,,624,3,4,,1,1,,671,1,,,1,19,,658,3,4,,1,1,,631,1,,,1,19,,622,3,4,,1,41,,666,1,,,1,19,,608,3,4,,1,1,,685,1,,,1,19,,621,3,4,,1,1,,653,1,,,1,19,,678,3,4,,1,41,,672,1,,,1,19,,576,3,4,,1,1,,597,1,,,1,19,,587,3,4,,1,1,,602,1,,,1,19,,680,3,4,,1,41,,669,1,,,1,19,,650,3,4,,1,1,,639,1,,,1,19,,581,3,4,,1,1,,586,1,,,1,19,,628,3,4,,1,41,,617,1,,,1,19,,609,3,4,,1,1,,585,1,,,1,19,,579,3,4,,1,1,,634,1,,,1,19,,677,3,4,,1,41,,681,1,,,1,19,,647,3,4,,1,1,,627,1,,,1,19,,619,3,4,,1,1,,641,1,,,1
4001,'14',719,,697,3,0,20 21 29 24,1,100,,701,3,0,20 21 29 24,1,100,,694,3,0,20 21 29 24,1,100,,686,3,0,20 21 29 24,1,100,,693,3,0,20 21 29 24,1,100,,691,3,0,20 21 29 24,1,100,,695,3,0,20 21 29 24,1,100,,692,3,0,20 21 29 24,1,100,,688,3,0,20 21 29 24,1,100,,698,3,0,20 21 29 24,1,100,,699,3,0,20 21 29 24,1,100,,689,3,0,20 21 29 24,1,100,,696,3,0,20 21 29 24,1,100,,687,3,0,20 21 29 24,1,100,,690,3,0,20 21 29 24,1,100,,700,3,0,20 21 29 24,1
4001,'3',719,,773,3,4,,1,1,,721,1,,,1,19,,790,3,4,,1,1,,776,1,,,1,19,,792,3,4,,1,41,,710,1,,,1,19,,810,3,4,,1,1,,803,1,,,1,19,,740,3,4,,1,1,,737,1,,,1,19,,767,3,4,,1,41,,791,1,,,1,19,,736,3,4,,1,1,,744,1,,,1,19,,779,3,4,,1,1,,772,1,,,1,19,,783,3,4,,1,41,,765,1,,,1,19,,733,3,4,,1,1,,751,1,,,1,19,,731,3,4,,1,1,,759,1,,,1,19,,716,3,4,,1,41,,727,1,,,1,19,,802,3,4,,1,1,,755,1,,,1,19,,806,3,4,,1,1,,762,1,,,1,19,,722,3,4,,1,41,,801,1,,,1,19,,703,3,4,,1,1,,726,1,,,1,19,,718,3,4,,1,1,,787,1,,,1,19,,749,3,4,,1,41,,704,1,,,1,19,,715,3,4,,1,1,,770,1,,,1,19,,742,3,4,,1,1,,782,1,,,1,19,,789,3,4,,1,41,,707,1,,,1,19,,732,3,4,,1,1,,777,1,,,1,19,,788,3,4,,1,1,,795,1,,,1,19,,739,3,4,,1,41,,781,1,,,1,19,,741,3,4,,1,1,,729,1,,,1,19,,717,3,4,,1,1,,724,1,,,1,19,,752,3,4,,1,41,,774,1,,,1,19,,720,3,4,,1,1,,797,1,,,1,19,,785,3,4,,1,1,,746,1,,,1,19,,738,3,4,,1,41,,758,1,,,1,19,,750,3,4,,1,1,,798,1,,,1,19,,784,3,4,,1,1,,757,1,,,1,19,,748,3,4,,1,41,,793,1,,,1,19,,734,3,4,,1,1,,811,1,,,1,19,,747,3,4,,1,1,,780,1,,,1,19,,805,3,4,,1,41,,799,1,,,1,19,,702,3,4,,1,1,,723,1,,,1,19,,714,3,4,,1,1,,728,1,,,1,19,,807,3,4,,1,41,,796,1,,,1,19,,778,3,4,,1,1,,766,1,,,1,19,,708,3,4,,1,1,,713,1,,,1,19,,754,3,4,,1,41,,743,1,,,1,19,,735,3,4,,1,1,,712,1,,,1,19,,706,3,4,,1,1,,760,1,,,1,19,,804,3,4,,1,41,,808,1,,,1,19,,775,3,4,,1,1,,753,1,,,1,19,,745,3,4,,1,1,,769,1,,,1
4501,'1',711,,856,2,4,,1,14,,819,1,0,18 19 16 17,1,6,,824,2,4,,1,1,,842,3,0,11 2 5 12,1,13,,821,1,0,18 19 16 17,1,6,,910,2,4,,1,54,,843,1,0,18 19 16 17,1,6,,914,2,4,,1,14,,849,1,0,18 19 16 17,1,6,,921,2,4,,1,1,,839,3,0,11 2 5 12,1,13,,838,1,0,18 19 16 17,1,6,,823,2,4,,1,54,,817,1,0,18 19 16 17,1,6,,884,2,4,,1,14,,869,1,0,18 19 16 17,1,6,,832,2,4,,1,1,,850,3,0,11 2 5 12,1,13,,813,1,0,18 19 16 17,1,6,,860,2,4,,1,54,,900,1,0,18 19 16 17,1,6,,841,2,4,,1,14,,866,1,0,18 19 16 17,1,6,,881,2,4,,1,1,,868,3,0,11 2 5 12,1,13,,878,1,0,18 19 16 17,1,6,,916,2,4,,1,54,,920,1,0,18 19 16 17,1,6,,895,2,4,,1,14,,853,1,0,18 19 16 17,1,6,,852,2,4,,1,1,,898,3,0,11 2 5 12,1,13,,822,1,0,18 19 16 17,1,6,,892,2,4,,1,54,,864,1,0,18 19 16 17,1,6,,886,2,4,,1,14,,882,1,0,18 19 16 17,1,6,,845,2,4,,1,1,,826,3,0,11 2 5 12,1,13,,846,1,0,18 19 16 17,1,6,,857,2,4,,1,54,,854,1,0,18 19 16 17,1,6,,891,2,4,,1,14,,901,1,0,18 19 16 17,1,6,,870,2,4,,1,1,,904,3,0,11 2 5 12,1,13,,917,1,0,18 19 16 17,1,6,,831,2,4,,1,54,,918,1,0,18 19 16 17,1,6,,827,2,4,,1,14,,902,1,0,18 19 16 17,1,6,,873,2,4,,1,1,,887,3,0,11 2 5 12,1,13,,912,1,0,18 19 16 17,1,6,,855,2,4,,1,54,,875,1,0,18 19 16 17,1,6,,906,2,4,,1,14,,911,1,0,18 19 16 17,1,6,,837,2,4,,1,1,,872,3,0,11 2 5 12,1,13,,909,1,0,18 19 16 17,1,6,,876,2,4,,1,54,,903,1,0,18 19 16 17,1,6,,848,2,4,,1,14,,825,1,0,18 19 16 17,1,6,,812,2,4,,1,1,,899,3,0,11 2 5 12,1,13,,883,1,0,18 19 16 17,1,6,,893,2,4,,1,54,,862,1,0,18 19 16 17,1,6,,871,2,4,,1,14,,896,1,0,18 19 16 17,1,6,,890,2,4,,1,1,,820,3,0,11 2 5 12,1,13,,861,1,0,18 19 16 17,1,6,,836,2,4,,1,54,,894,1,0,18 19 16 17,1,6,,834,2,4,,1,14,,913,1,0,18 19 16 17,1,6,,897,2,4,,1,1,,835,5,0,20 21 30 12,1,13,,915,1,0,18 19 16 17,1,6,,816,2,4,,1,54,,858,1,0,18 19 16 17,1,6,,880,2,4,,1,14,,889,1,0,18 19 16 17,1,6,,865,2,4,,1,1,,830,5,0,20 21 30 12,1,13,,833,1,0,18 19 16 17,1,6,,844,2,4,,1,54,,828,1,0,18 19 16 17,1,6,,874,2,4,,1,14,,847,1,0,18 19 16 17,1,6,,888,2,4,,1,1,,919,5,0,20 21 30 12,1,13,,815,1,0,18 19 16 17,1,6,,908,2,4,,1,54,,877,1,0,18 19 16 17,1,6,,829,2,4,,1,14,,859,1,0,18 19 16 17,1,6,,818,2,4,,1,1,,905,5,0,20 21 30 12,1,13,,814,1,0,18 19 16 17,1,6,,851,2,4,,1,54,,867,1,0,18 19 16 17,1,6,,885,2,4,,1,14,,907,1,0,18 19 16 17,1,6,,863,2,4,,1,1,,840,5,0,20 21 30 12,1,13,,879,1,0,18 19 16 17,1
4501,'10',711,,965,2,4,,1,14,,930,1,0,18 19 16 17,1,6,,935,2,4,,1,1,,1013,3,0,11 2 5 12,1,13,,932,1,0,18 19 16 17,1,6,,1019,2,4,,1,54,,953,1,0,18 19 16 17,1,6,,1024,2,4,,1,14,,959,1,0,18 19 16 17,1,6,,1031,2,4,,1,1,,950,3,0,11 2 5 12,1,13,,949,1,0,18 19 16 17,1,6,,934,2,4,,1,54,,928,1,0,18 19 16 17,1,6,,993,2,4,,1,14,,978,1,0,18 19 16 17,1,6,,943,2,4,,1,1,,925,3,0,11 2 5 12,1,13,,923,1,0,18 19 16 17,1,6,,969,2,4,,1,54,,1009,1,0,18 19 16 17,1,6,,952,2,4,,1,14,,975,1,0,18 19 16 17,1,6,,990,2,4,,1,1,,977,3,0,11 2 5 12,1,13,,987,1,0,18 19 16 17,1,6,,1026,2,4,,1,54,,1030,1,0,18 19 16 17,1,6,,1005,2,4,,1,14,,962,1,0,18 19 16 17,1,6,,961,2,4,,1,1,,998,3,0,11 2 5 12,1,13,,933,1,0,18 19 16 17,1,6,,1002,2,4,,1,54,,973,1,0,18 19 16 17,1,6,,995,2,4,,1,14,,991,1,0,18 19 16 17,1,6,,955,2,4,,1,1,,937,3,0,11 2 5 12,1,13,,956,1,0,18 19 16 17,1,6,,966,2,4,,1,54,,963,1,0,18 19 16 17,1,6,,1001,2,4,,1,14,,1010,1,0,18 19 16 17,1,6,,979,2,4,,1,1,,1023,3,0,11 2 5 12,1,13,,1027,1,0,18 19 16 17,1,6,,942,2,4,,1,54,,1028,1,0,18 19 16 17,1,6,,938,2,4,,1,14,,1011,1,0,18 19 16 17,1,6,,982,2,4,,1,1,,996,3,0,11 2 5 12,1,13,,1021,1,0,18 19 16 17,1,6,,964,2,4,,1,54,,984,1,0,18 19 16 17,1,6,,1015,2,4,,1,14,,1020,1,0,18 19 16 17,1,6,,948,2,4,,1,1,,981,3,0,11 2 5 12,1,13,,1018,1,0,18 19 16 17,1,6,,985,2,4,,1,54,,1012,1,0,18 19 16 17,1,6,,958,2,4,,1,14,,936,1,0,18 19 16 17,1,6,,922,2,4,,1,1,,1008,3,0,11 2 5 12,1,13,,992,1,0,18 19 16 17,1,6,,1003,2,4,,1,54,,971,1,0,18 19 16 17,1,6,,980,2,4,,1,14,,1006,1,0,18 19 16 17,1,6,,1000,2,4,,1,1,,931,3,0,11 2 5 12,1,13,,970,1,0,18 19 16 17,1,6,,947,2,4,,1,54,,1004,1,0,18 19 16 17,1,6,,945,2,4,,1,14,,1022,1,0,18 19 16 17,1,6,,1007,2,4,,1,1,,946,5,0,20 21 30 12,1,13,,1025,1,0,18 19 16 17,1,6,,927,2,4,,1,54,,967,1,0,18 19 16 17,1,6,,989,2,4,,1,14,,999,1,0,18 19 16 17,1,6,,974,2,4,,1,1,,941,5,0,20 21 30 12,1,13,,944,1,0,18 19 16 17,1,6,,954,2,4,,1,54,,939,1,0,18 19 16 17,1,6,,983,2,4,,1,14,,957,1,0,18 19 16 17,1,6,,997,2,4,,1,1,,1029,5,0,20 21 30 12,1,13,,926,1,0,18 19 16 17,1,6,,1017,2,4,,1,54,,986,1,0,18 19 16 17,1,6,,940,2,4,,1,14,,968,1,0,18 19 16 17,1,6,,929,2,4,,1,1,,1014,5,0,20 21 30 12,1,13,,924,1,0,18 19 16 17,1,6,,960,2,4,,1,54,,976,1,0,18 19 16 17,1,6,,994,2,4,,1,14,,1016,1,0,18 19 16 17,1,6,,972,2,4,,1,1,,951,5,0,20 21 30 12,1,13,,988,1,0,18 19 16 17,1
4501,'11',711,,1076,2,4,,1,14,,1040,1,0,18 19 16 17,1,6,,1046,2,4,,1,1,,1124,3,0,11 2 5 12,1,13,,1043,1,0,18 19 16 17,1,6,,1130,2,4,,1,54,,1064,1,0,18 19 16 17,1,6,,1134,2,4,,1,14,,1070,1,0,18 19 16 17,1,6,,1141,2,4,,1,1,,1061,3,0,11 2 5 12,1,13,,1060,1,0,18 19 16 17,1,6,,1045,2,4,,1,54,,1038,1,0,18 19 16 17,1,6,,1104,2,4,,1,14,,1089,1,0,18 19 16 17,1,6,,1054,2,4,,1,1,,1035,3,0,11 2 5 12,1,13,,1033,1,0,18 19 16 17,1,6,,1080,2,4,,1,54,,1120,1,0,18 19 16 17,1,6,,1063,2,4,,1,14,,1086,1,0,18 19 16 17,1,6,,1101,2,4,,1,1,,1088,3,0,11 2 5 12,1,13,,1098,1,0,18 19 16 17,1,6,,1136,2,4,,1,54,,1140,1,0,18 19 16 17,1,6,,1116,2,4,,1,14,,1073,1,0,18 19 16 17,1,6,,1072,2,4,,1,1,,1109,3,0,11 2 5 12,1,13,,1044,1,0,18 19 16 17,1,6,,1113,2,4,,1,54,,1084,1,0,18 19 16 17,1,6,,1106,2,4,,1,14,,1102,1,0,18 19 16 17,1,6,,1066,2,4,,1,1,,1048,3,0,11 2 5 12,1,13,,1067,1,0,18 19 16 17,1,6,,1077,2,4,,1,54,,1074,1,0,18 19 16 17,1,6,,1112,2,4,,1,14,,1121,1,0,18 19 16 17,1,6,,1090,2,4,,1,1,,1041,3,0,11 2 5 12,1,13,,1137,1,0,18 19 16 17,1,6,,1053,2,4,,1,54,,1138,1,0,18 19 16 17,1,6,,1049,2,4,,1,14,,1122,1,0,18 19 16 17,1,6,,1093,2,4,,1,1,,1107,3,0,11 2 5 12,1,13,,1132,1,0,18 19 16 17,1,6,,1075,2,4,,1,54,,1095,1,0,18 19 16 17,1,6,,1126,2,4,,1,14,,1131,1,0,18 19 16 17,1,6,,1059,2,4,,1,1,,1092,3,0,11 2 5 12,1,13,,1129,1,0,18 19 16 17,1,6,,1096,2,4,,1,54,,1123,1,0,18 19 16 17,1,6,,1069,2,4,,1,14,,1047,1,0,18 19 16 17,1,6,,1032,2,4,,1,1,,1119,3,0,11 2 5 12,1,13,,1103,1,0,18 19 16 17,1,6,,1114,2,4,,1,54,,1082,1,0,18 19 16 17,1,6,,1091,2,4,,1,14,,1117,1,0,18 19 16 17,1,6,,1111,2,4,,1,1,,1042,3,0,11 2 5 12,1,13,,1081,1,0,18 19 16 17,1,6,,1058,2,4,,1,54,,1115,1,0,18 19 16 17,1,6,,1056,2,4,,1,14,,1133,1,0,18 19 16 17,1,6,,1118,2,4,,1,1,,1057,5,0,20 21 30 12,1,13,,1135,1,0,18 19 16 17,1,6,,1037,2,4,,1,54,,1078,1,0,18 19 16 17,1,6,,1100,2,4,,1,14,,1110,1,0,18 19 16 17,1,6,,1085,2,4,,1,1,,1052,5,0,20 21 30 12,1,13,,1055,1,0,18 19 16 17,1,6,,1065,2,4,,1,54,,1050,1,0,18 19 16 17,1,6,,1094,2,4,,1,14,,1068,1,0,18 19 16 17,1,6,,1108,2,4,,1,1,,1139,5,0,20 21 30 12,1,13,,1036,1,0,18 19 16 17,1,6,,1128,2,4,,1,54,,1097,1,0,18 19 16 17,1,6,,1051,2,4,,1,14,,1079,1,0,18 19 16 17,1,6,,1039,2,4,,1,1,,1125,5,0,20 21 30 12,1,13,,1034,1,0,18 19 16 17,1,6,,1071,2,4,,1,54,,1087,1,0,18 19 16 17,1,6,,1105,2,4,,1,14,,1127,1,0,18 19 16 17,1,6,,1083,2,4,,1,1,,1062,5,0,20 21 30 12,1,13,,1099,1,0,18 19 16 17,1
4501,'14',732,,1154,5,0,20 21 30 12,1,100,,1148,5,0,20 21 30 12,1,100,,1149,5,0,20 21 30 12,1,100,,1143,5,0,20 21 30 12,1,100,,1145,5,0,20 21 30 12,1,100,,1151,5,0,20 21 30 12,1,100,,1153,5,0,20 21 30 12,1,100,,1156,5,0,20 21 30 12,1,100,,1150,5,0,20 21 30 12,1,100,,1142,5,0,20 21 30 12,1,100,,1147,5,0,20 21 30 12,1,100,,1144,5,0,20 21 30 12,1,100,,1157,5,0,20 21 30 12,1,100,,1152,5,0,20 21 30 12,1,100,,1146,5,0,20 21 30 12,1,100,,1155,5,0,20 21 30 12,1
4501,'3',711,,1202,2,4,,1,14,,1165,1,0,18 19 16 17,1,6,,1170,2,4,,1,1,,1188,3,0,11 2 5 12,1,13,,1167,1,0,18 19 16 17,1,6,,1256,2,4,,1,54,,1189,1,0,18 19 16 17,1,6,,1260,2,4,,1,14,,1195,1,0,18 19 16 17,1,6,,1267,2,4,,1,1,,1185,3,0,11 2 5 12,1,13,,1184,1,0,18 19 16 17,1,6,,1169,2,4,,1,54,,1163,1,0,18 19 16 17,1,6,,1230,2,4,,1,14,,1215,1,0,18 19 16 17,1,6,,1178,2,4,,1,1,,1196,3,0,11 2 5 12,1,13,,1159,1,0,18 19 16 17,1,6,,1206,2,4,,1,54,,1246,1,0,18 19 16 17,1,6,,1187,2,4,,1,14,,1212,1,0,18 19 16 17,1,6,,1227,2,4,,1,1,,1214,3,0,11 2 5 12,1,13,,1224,1,0,18 19 16 17,1,6,,1262,2,4,,1,54,,1266,1,0,18 19 16 17,1,6,,1241,2,4,,1,14,,1199,1,0,18 19 16 17,1,6,,1198,2,4,,1,1,,1244,3,0,11 2 5 12,1,13,,1168,1,0,18 19 16 17,1,6,,1238,2,4,,1,54,,1210,1,0,18 19 16 17,1,6,,1232,2,4,,1,14,,1228,1,0,18 19 16 17,1,6,,1191,2,4,,1,1,,1172,3,0,11 2 5 12,1,13,,1192,1,0,18 19 16 17,1,6,,1203,2,4,,1,54,,1200,1,0,18 19 16 17,1,6,,1237,2,4,,1,14,,1247,1,0,18 19 16 17,1,6,,1216,2,4,,1,1,,1250,3,0,11 2 5 12,1,13,,1263,1,0,18 19 16 17,1,6,,1177,2,4,,1,54,,1264,1,0,18 19 16 17,1,6,,1173,2,4,,1,14,,1248,1,0,18 19 16 17,1,6,,1219,2,4,,1,1,,1233,3,0,11 2 5 12,1,13,,1258,1,0,18 19 16 17,1,6,,1201,2,4,,1,54,,1221,1,0,18 19 16 17,1,6,,1252,2,4,,1,14,,1257,1,0,18 19 16 17,1,6,,1183,2,4,,1,1,,1218,3,0,11 2 5 12,1,13,,1255,1,0,18 19 16 17,1,6,,1222,2,4,,1,54,,1249,1,0,18 19 16 17,1,6,,1194,2,4,,1,14,,1171,1,0,18 19 16 17,1,6,,1158,2,4,,1,1,,1245,3,0,11 2 5 12,1,13,,1229,1,0,18 19 16 17,1,6,,1239,2,4,,1,54,,1208,1,0,18 19 16 17,1,6,,1217,2,4,,1,14,,1242,1,0,18 19 16 17,1,6,,1236,2,4,,1,1,,1166,3,0,11 2 5 12,1,13,,1207,1,0,18 19 16 17,1,6,,1182,2,4,,1,54,,1240,1,0,18 19 16 17,1,6,,1180,2,4,,1,14,,1259,1,0,18 19 16 17,1,6,,1243,2,4,,1,1,,1181,5,0,20 21 30 12,1,13,,1261,1,0,18 19 16 17,1,6,,1162,2,4,,1,54,,1204,1,0,18 19 16 17,1,6,,1226,2,4,,1,14,,1235,1,0,18 19 16 17,1,6,,1211,2,4,,1,1,,1176,5,0,20 21 30 12,1,13,,1179,1,0,18 19 16 17,1,6,,1190,2,4,,1,54,,1174,1,0,18 19 16 17,1,6,,1220,2,4,,1,14,,1193,1,0,18 19 16 17,1,6,,1234,2,4,,1,1,,1265,5,0,20 21 30 12,1,13,,1161,1,0,18 19 16 17,1,6,,1254,2,4,,1,54,,1223,1,0,18 19 16 17,1,6,,1175,2,4,,1,14,,1205,1,0,18 19 16 17,1,6,,1164,2,4,,1,1,,1251,5,0,20 21 30 12,1,13,,1160,1,0,18 19 16 17,1,6,,1197,2,4,,1,54,,1213,1,0,18 19 16 17,1,6,,1231,2,4,,1,14,,1253,1,0,18 19 16 17,1,6,,1209,2,4,,1,1,,1186,5,0,20 21 30 12,1,13,,1225,1,0,18 19 16 17,1
