2500,'1',700,,129,1,0,26 27 28,1,100,,131,1,0,26 27 28,1,100,,124,1,0,26 27 28,1,100,,118,1,0,26 27 28,1,100,,120,1,0,26 27 28,1,100,,127,1,0,26 27 28,1,100,,121,1,0,26 27 28,1,100,,123,1,0,26 27 28,1,100,,130,1,0,26 27 28,1,100,,117,1,0,26 27 28,1,100,,126,1,0,26 27 28,1,100,,116,1,0,26 27 28,1,100,,125,1,0,26 27 28,1,100,,128,1,0,26 27 28,1,100,,119,1,0,26 27 28,1,100,,122,1,0,26 27 28,1
2500,'10',700,,145,1,0,26 27 28,1,100,,147,1,0,26 27 28,1,100,,140,1,0,26 27 28,1,100,,134,1,0,26 27 28,1,100,,136,1,0,26 27 28,1,100,,143,1,0,26 27 28,1,100,,137,1,0,26 27 28,1,100,,139,1,0,26 27 28,1,100,,146,1,0,26 27 28,1,100,,133,1,0,26 27 28,1,100,,142,1,0,26 27 28,1,100,,132,1,0,26 27 28,1,100,,141,1,0,26 27 28,1,100,,144,1,0,26 27 28,1,100,,135,1,0,26 27 28,1,100,,138,1,0,26 27 28,1
2500,'11',700,,161,1,0,26 27 28,1,100,,163,1,0,26 27 28,1,100,,156,1,0,26 27 28,1,100,,150,1,0,26 27 28,1,100,,152,1,0,26 27 28,1,100,,159,1,0,26 27 28,1,100,,153,1,0,26 27 28,1,100,,155,1,0,26 27 28,1,100,,162,1,0,26 27 28,1,100,,149,1,0,26 27 28,1,100,,158,1,0,26 27 28,1,100,,148,1,0,26 27 28,1,100,,157,1,0,26 27 28,1,100,,160,1,0,26 27 28,1,100,,151,1,0,26 27 28,1,100,,154,1,0,26 27 28,1
2500,'14',700,,176,1,0,26 27 28,1,100,,173,1,0,26 27 28,1,100,,177,1,0,26 27 28,1,100,,172,1,0,26 27 28,1,100,,168,1,0,26 27 28,1,100,,175,1,0,26 27 28,1,100,,174,1,0,26 27 28,1,100,,178,1,0,26 27 28,1,100,,179,1,0,26 27 28,1,100,,171,1,0,26 27 28,1,100,,170,1,0,26 27 28,1,100,,167,1,0,26 27 28,1,100,,164,1,0,26 27 28,1,100,,166,1,0,26 27 28,1,100,,169,1,0,26 27 28,1,100,,165,1,0,26 27 28,1
2500,'3',700,,193,1,0,26 27 28,1,100,,195,1,0,26 27 28,1,100,,188,1,0,26 27 28,1,100,,182,1,0,26 27 28,1,100,,184,1,0,26 27 28,1,100,,191,1,0,26 27 28,1,100,,185,1,0,26 27 28,1,100,,187,1,0,26 27 28,1,100,,194,1,0,26 27 28,1,100,,181,1,0,26 27 28,1,100,,190,1,0,26 27 28,1,100,,180,1,0,26 27 28,1,100,,189,1,0,26 27 28,1,100,,192,1,0,26 27 28,1,100,,183,1,0,26 27 28,1,100,,186,1,0,26 27 28,1
2501,'1',652,,202,23,4,,1,100,,207,23,4,,1,100,,209,23,4,,1,100,,204,23,4,,1,100,,206,23,4,,1,100,,199,23,4,,1,100,,197,23,4,,1,100,,210,23,4,,1,100,,208,23,4,,1,100,,201,23,4,,1,100,,211,23,4,,1,100,,198,23,4,,1,100,,203,23,4,,1,100,,205,23,4,,1,100,,200,23,4,,1,100,,196,23,4,,1
2501,'10',652,,218,23,4,,1,100,,223,23,4,,1,100,,225,23,4,,1,100,,220,23,4,,1,100,,222,23,4,,1,100,,215,23,4,,1,100,,213,23,4,,1,100,,226,23,4,,1,100,,224,23,4,,1,100,,217,23,4,,1,100,,227,23,4,,1,100,,214,23,4,,1,100,,219,23,4,,1,100,,221,23,4,,1,100,,216,23,4,,1,100,,212,23,4,,1
2501,'11',652,,234,23,4,,1,100,,239,23,4,,1,100,,241,23,4,,1,100,,236,23,4,,1,100,,238,23,4,,1,100,,231,23,4,,1,100,,229,23,4,,1,100,,242,23,4,,1,100,,240,23,4,,1,100,,233,23,4,,1,100,,243,23,4,,1,100,,230,23,4,,1,100,,235,23,4,,1,100,,237,23,4,,1,100,,232,23,4,,1,100,,228,23,4,,1
2501,'14',652,,252,23,4,,1,100,,250,23,4,,1,100,,246,23,4,,1,100,,247,23,4,,1,100,,254,23,4,,1,100,,255,23,4,,1,100,,259,23,4,,1,100,,244,23,4,,1,100,,257,23,4,,1,100,,249,23,4,,1,100,,256,23,4,,1,100,,248,23,4,,1,100,,258,23,4,,1,100,,251,23,4,,1,100,,245,23,4,,1,100,,253,23,4,,1
2501,'3',652,,266,23,4,,1,100,,271,23,4,,1,100,,273,23,4,,1,100,,268,23,4,,1,100,,270,23,4,,1,100,,263,23,4,,1,100,,261,23,4,,1,100,,274,23,4,,1,100,,272,23,4,,1,100,,265,23,4,,1,100,,275,23,4,,1,100,,262,23,4,,1,100,,267,23,4,,1,100,,269,23,4,,1,100,,264,23,4,,1,100,,260,23,4,,1
3400,'1',700,,282,1,0,5 6 7 8 2 9 8,1,130,,283,1,0,5 6 7 8 2 9 8,1,170,,278,1,0,5 6 7 8 2 9 8,1,130,,277,1,0,5 6 7 8 2 9 8,1,170,,276,1,0,5 6 7 8 2 9 8,1,130,,285,1,0,5 6 7 8 2 9 8,1,170,,279,1,0,5 6 7 8 2 9 8,1,130,,284,1,0,5 6 7 8 2 9 8,1,170,,280,1,0,5 6 7 8 2 9 8,1,130,,281,1,0,5 6 7 8 2 9 8,1
3400,'10',700,,292,1,0,5 6 7 8 2 9 8,1,130,,293,1,0,5 6 7 8 2 9 8,1,170,,288,1,0,5 6 7 8 2 9 8,1,130,,287,1,0,5 6 7 8 2 9 8,1,170,,286,1,0,5 6 7 8 2 9 8,1,130,,295,1,0,5 6 7 8 2 9 8,1,170,,289,1,0,5 6 7 8 2 9 8,1,130,,294,1,0,5 6 7 8 2 9 8,1,170,,290,1,0,5 6 7 8 2 9 8,1,130,,291,1,0,5 6 7 8 2 9 8,1
3400,'11',700,,302,1,0,5 6 7 8 2 9 8,1,130,,303,1,0,5 6 7 8 2 9 8,1,170,,298,1,0,5 6 7 8 2 9 8,1,130,,297,1,0,5 6 7 8 2 9 8,1,170,,296,1,0,5 6 7 8 2 9 8,1,130,,305,1,0,5 6 7 8 2 9 8,1,170,,299,1,0,5 6 7 8 2 9 8,1,130,,304,1,0,5 6 7 8 2 9 8,1,170,,300,1,0,5 6 7 8 2 9 8,1,130,,301,1,0,5 6 7 8 2 9 8,1
3400,'3',700,,312,1,0,5 6 7 8 2 9 8,1,130,,313,1,0,5 6 7 8 2 9 8,1,170,,308,1,0,5 6 7 8 2 9 8,1,130,,307,1,0,5 6 7 8 2 9 8,1,170,,306,1,0,5 6 7 8 2 9 8,1,130,,315,1,0,5 6 7 8 2 9 8,1,170,,309,1,0,5 6 7 8 2 9 8,1,130,,314,1,0,5 6 7 8 2 9 8,1,170,,310,1,0,5 6 7 8 2 9 8,1,130,,311,1,0,5 6 7 8 2 9 8,1
3401,'1',821,,322,5,4,,1,130,,318,5,4,,1,170,,320,5,4,,1,130,,323,5,4,,1,170,,324,5,4,,1,130,,317,5,4,,1,170,,319,5,4,,1,130,,325,5,4,,1,170,,316,5,4,,1,130,,321,5,4,,1
3401,'10',821,,332,5,4,,1,130,,328,5,4,,1,170,,330,5,4,,1,130,,333,5,4,,1,170,,334,5,4,,1,130,,327,5,4,,1,170,,329,5,4,,1,130,,335,5,4,,1,170,,326,5,4,,1,130,,331,5,4,,1
3401,'11',821,,342,5,4,,1,130,,338,5,4,,1,170,,340,5,4,,1,130,,343,5,4,,1,170,,344,5,4,,1,130,,337,5,4,,1,170,,339,5,4,,1,130,,345,5,4,,1,170,,336,5,4,,1,130,,341,5,4,,1
3401,'3',821,,352,5,4,,1,130,,348,5,4,,1,170,,350,5,4,,1,130,,353,5,4,,1,170,,354,5,4,,1,130,,347,5,4,,1,170,,349,5,4,,1,130,,355,5,4,,1,170,,346,5,4,,1,130,,351,5,4,,1
6001,'1',739,,1453,5,0,11 2 7,1,70,,1454,5,0,11 2 7,1,30,,1460,5,0,11 2 7,1,70,,1455,5,0,11 2 7,1,30,,1443,5,0,11 2 7,1,70,,1463,5,0,11 2 7,1,30,,1474,5,0,11 2 7,1,70,,1464,5,0,11 2 7,1,30,,1468,5,0,11 2 7,1,70,,1442,5,0,11 2 7,1,30,,1432,5,0,11 2 7,1,70,,1438,5,0,11 2 7,1,30,,1477,5,0,11 2 7,1,70,,1431,5,0,11 2 7,1,30,,1479,5,0,11 2 7,1,70,,1461,5,0,11 2 7,1,30,,1439,5,0,11 2 7,1,70,,1480,5,0,11 2 7,1,30,,1449,5,0,11 2 7,1,70,,1459,5,0,11 2 7,1,30,,1457,5,0,11 2 7,1,70,,1445,5,0,11 2 7,1,30,,1428,7,0,20 21 7,1,70,,1476,7,0,20 21 7,1,30,,1444,7,0,20 21 7,1,70,,1433,7,0,20 21 7,1,30,,1452,7,0,20 21 7,1,70,,1469,7,0,20 21 7,1,30,,1446,7,0,20 21 7,1,70,,1470,7,0,20 21 7,1,30,,1441,7,0,20 21 7,1,70,,1465,7,0,20 21 7,1
6001,'10',739,,1506,5,0,11 2 7,1,70,,1507,5,0,11 2 7,1,30,,1513,5,0,11 2 7,1,70,,1508,5,0,11 2 7,1,30,,1496,5,0,11 2 7,1,70,,1516,5,0,11 2 7,1,30,,1527,5,0,11 2 7,1,70,,1517,5,0,11 2 7,1,30,,1521,5,0,11 2 7,1,70,,1495,5,0,11 2 7,1,30,,1485,5,0,11 2 7,1,70,,1491,5,0,11 2 7,1,30,,1530,5,0,11 2 7,1,70,,1484,5,0,11 2 7,1,30,,1532,5,0,11 2 7,1,70,,1514,5,0,11 2 7,1,30,,1492,5,0,11 2 7,1,70,,1533,5,0,11 2 7,1,30,,1502,5,0,11 2 7,1,70,,1512,5,0,11 2 7,1,30,,1510,5,0,11 2 7,1,70,,1498,5,0,11 2 7,1,30,,1481,7,0,20 21 7,1,70,,1529,7,0,20 21 7,1,30,,1497,7,0,20 21 7,1,70,,1486,7,0,20 21 7,1,30,,1505,7,0,20 21 7,1,70,,1522,7,0,20 21 7,1,30,,1499,7,0,20 21 7,1,70,,1523,7,0,20 21 7,1,30,,1494,7,0,20 21 7,1,70,,1518,7,0,20 21 7,1
6001,'11',739,,1559,5,0,11 2 7,1,70,,1560,5,0,11 2 7,1,30,,1566,5,0,11 2 7,1,70,,1561,5,0,11 2 7,1,30,,1549,5,0,11 2 7,1,70,,1569,5,0,11 2 7,1,30,,1580,5,0,11 2 7,1,70,,1570,5,0,11 2 7,1,30,,1574,5,0,11 2 7,1,70,,1548,5,0,11 2 7,1,30,,1538,5,0,11 2 7,1,70,,1544,5,0,11 2 7,1,30,,1583,5,0,11 2 7,1,70,,1537,5,0,11 2 7,1,30,,1585,5,0,11 2 7,1,70,,1567,5,0,11 2 7,1,30,,1545,5,0,11 2 7,1,70,,1586,5,0,11 2 7,1,30,,1555,5,0,11 2 7,1,70,,1565,5,0,11 2 7,1,30,,1563,5,0,11 2 7,1,70,,1551,5,0,11 2 7,1,30,,1534,7,0,20 21 7,1,70,,1582,7,0,20 21 7,1,30,,1550,7,0,20 21 7,1,70,,1539,7,0,20 21 7,1,30,,1558,7,0,20 21 7,1,70,,1575,7,0,20 21 7,1,30,,1552,7,0,20 21 7,1,70,,1576,7,0,20 21 7,1,30,,1547,7,0,20 21 7,1,70,,1571,7,0,20 21 7,1
6001,'14',739,,1596,7,0,20 21 7,1,100,,1589,7,0,20 21 7,1,100,,1599,7,0,20 21 7,1,100,,1590,7,0,20 21 7,1,100,,1592,7,0,20 21 7,1,100,,1598,7,0,20 21 7,1,100,,1602,7,0,20 21 7,1,100,,1591,7,0,20 21 7,1,100,,1594,7,0,20 21 7,1,100,,1588,7,0,20 21 7,1,100,,1587,7,0,20 21 7,1,100,,1593,7,0,20 21 7,1,100,,1597,7,0,20 21 7,1,100,,1595,7,0,20 21 7,1,100,,1601,7,0,20 21 7,1,100,,1600,7,0,20 21 7,1
6001,'3',739,,1628,5,0,11 2 7,1,70,,1629,5,0,11 2 7,1,30,,1635,5,0,11 2 7,1,70,,1630,5,0,11 2 7,1,30,,1618,5,0,11 2 7,1,70,,1638,5,0,11 2 7,1,30,,1649,5,0,11 2 7,1,70,,1639,5,0,11 2 7,1,30,,1643,5,0,11 2 7,1,70,,1617,5,0,11 2 7,1,30,,1607,5,0,11 2 7,1,70,,1613,5,0,11 2 7,1,30,,1652,5,0,11 2 7,1,70,,1606,5,0,11 2 7,1,30,,1654,5,0,11 2 7,1,70,,1636,5,0,11 2 7,1,30,,1614,5,0,11 2 7,1,70,,1655,5,0,11 2 7,1,30,,1624,5,0,11 2 7,1,70,,1634,5,0,11 2 7,1,30,,1632,5,0,11 2 7,1,70,,1620,5,0,11 2 7,1,30,,1603,7,0,20 21 7,1,70,,1651,7,0,20 21 7,1,30,,1619,7,0,20 21 7,1,70,,1608,7,0,20 21 7,1,30,,1627,7,0,20 21 7,1,70,,1644,7,0,20 21 7,1,30,,1621,7,0,20 21 7,1,70,,1645,7,0,20 21 7,1,30,,1616,7,0,20 21 7,1,70,,1640,7,0,20 21 7,1
6501,'1',708,,1676,2,0,11 2 5 12,1,30,,1658,2,0,11 2 5 12,1,70,,1671,2,0,11 2 5 12,1,30,,1707,2,0,11 2 5 12,1,70,,1690,2,0,11 2 5 12,1,30,,1702,2,0,11 2 5 12,1,70,,1680,2,0,11 2 5 12,1,30,,1656,2,0,11 2 5 12,1,70,,1698,2,0,11 2 5 12,1,30,,1678,2,0,11 2 5 12,1,70,,1665,2,0,11 2 5 12,1,30,,1668,2,0,11 2 5 12,1,70,,1704,2,0,11 2 5 12,1,30,,1703,2,0,11 2 5 12,1,70,,1657,2,0,11 2 5 12,1,30,,1684,2,0,11 2 5 12,1,70,,1660,2,0,11 2 5 12,1,30,,1683,2,0,11 2 5 12,1,70,,1688,2,0,11 2 5 12,1,30,,1687,2,0,11 2 5 12,1,70,,1709,2,0,11 2 5 12,1,30,,1661,2,0,11 2 5 12,1,70,,1689,2,0,20 21 5 12,1,30,,1662,2,0,20 21 5 12,1,70,,1674,2,0,20 21 5 12,1,30,,1699,2,0,20 21 5 12,1,70,,1695,2,0,20 21 5 12,1,30,,1682,2,0,20 21 5 12,1,70,,1681,2,0,20 21 5 12,1,30,,1686,2,0,20 21 5 12,1,70,,1708,2,0,20 21 5 12,1,30,,1667,2,0,20 21 5 12,1
6501,'10',708,,1731,2,0,11 2 5 12,1,30,,1713,2,0,11 2 5 12,1,70,,1726,2,0,11 2 5 12,1,30,,1762,2,0,11 2 5 12,1,70,,1745,2,0,11 2 5 12,1,30,,1757,2,0,11 2 5 12,1,70,,1735,2,0,11 2 5 12,1,30,,1711,2,0,11 2 5 12,1,70,,1753,2,0,11 2 5 12,1,30,,1733,2,0,11 2 5 12,1,70,,1720,2,0,11 2 5 12,1,30,,1723,2,0,11 2 5 12,1,70,,1759,2,0,11 2 5 12,1,30,,1758,2,0,11 2 5 12,1,70,,1712,2,0,11 2 5 12,1,30,,1739,2,0,11 2 5 12,1,70,,1715,2,0,11 2 5 12,1,30,,1738,2,0,11 2 5 12,1,70,,1743,2,0,11 2 5 12,1,30,,1742,2,0,11 2 5 12,1,70,,1764,2,0,11 2 5 12,1,30,,1716,2,0,11 2 5 12,1,70,,1744,2,0,20 21 5 12,1,30,,1717,2,0,20 21 5 12,1,70,,1729,2,0,20 21 5 12,1,30,,1754,2,0,20 21 5 12,1,70,,1750,2,0,20 21 5 12,1,30,,1737,2,0,20 21 5 12,1,70,,1736,2,0,20 21 5 12,1,30,,1741,2,0,20 21 5 12,1,70,,1763,2,0,20 21 5 12,1,30,,1722,2,0,20 21 5 12,1
6501,'11',708,,1786,2,0,11 2 5 12,1,30,,1768,2,0,11 2 5 12,1,70,,1780,2,0,11 2 5 12,1,30,,1817,2,0,11 2 5 12,1,70,,1801,2,0,11 2 5 12,1,30,,1812,2,0,11 2 5 12,1,70,,1791,2,0,11 2 5 12,1,30,,1766,2,0,11 2 5 12,1,70,,1808,2,0,11 2 5 12,1,30,,1788,2,0,11 2 5 12,1,70,,1775,2,0,11 2 5 12,1,30,,1778,2,0,11 2 5 12,1,70,,1814,2,0,11 2 5 12,1,30,,1813,2,0,11 2 5 12,1,70,,1767,2,0,11 2 5 12,1,30,,1795,2,0,11 2 5 12,1,70,,1770,2,0,11 2 5 12,1,30,,1794,2,0,11 2 5 12,1,70,,1799,2,0,11 2 5 12,1,30,,1798,2,0,11 2 5 12,1,70,,1819,2,0,11 2 5 12,1,30,,1771,2,0,11 2 5 12,1,70,,1800,2,0,20 21 5 12,1,30,,1772,2,0,20 21 5 12,1,70,,1784,2,0,20 21 5 12,1,30,,1809,2,0,20 21 5 12,1,70,,1806,2,0,20 21 5 12,1,30,,1793,2,0,20 21 5 12,1,70,,1792,2,0,20 21 5 12,1,30,,1797,2,0,20 21 5 12,1,70,,1818,2,0,20 21 5 12,1,30,,1777,2,0,20 21 5 12,1
6501,'14',708,,1826,2,0,20 21 5 12,1,100,,1823,2,0,20 21 5 12,1,100,,1830,2,0,20 21 5 12,1,100,,1822,2,0,20 21 5 12,1,100,,1824,2,0,20 21 5 12,1,100,,1829,2,0,20 21 5 12,1,100,,1821,2,0,20 21 5 12,1,100,,1831,2,0,20 21 5 12,1,100,,1833,2,0,20 21 5 12,1,100,,1832,2,0,20 21 5 12,1,100,,1827,2,0,20 21 5 12,1,100,,1828,2,0,20 21 5 12,1,100,,1834,2,0,20 21 5 12,1,100,,1825,2,0,20 21 5 12,1,100,,1835,2,0,20 21 5 12,1,100,,1836,2,0,20 21 5 12,1
6501,'3',708,,1857,2,0,11 2 5 12,1,30,,1839,2,0,11 2 5 12,1,70,,1852,2,0,11 2 5 12,1,30,,1888,2,0,11 2 5 12,1,70,,1871,2,0,11 2 5 12,1,30,,1883,2,0,11 2 5 12,1,70,,1861,2,0,11 2 5 12,1,30,,1837,2,0,11 2 5 12,1,70,,1879,2,0,11 2 5 12,1,30,,1859,2,0,11 2 5 12,1,70,,1846,2,0,11 2 5 12,1,30,,1849,2,0,11 2 5 12,1,70,,1885,2,0,11 2 5 12,1,30,,1884,2,0,11 2 5 12,1,70,,1838,2,0,11 2 5 12,1,30,,1865,2,0,11 2 5 12,1,70,,1841,2,0,11 2 5 12,1,30,,1864,2,0,11 2 5 12,1,70,,1869,2,0,11 2 5 12,1,30,,1868,2,0,11 2 5 12,1,70,,1890,2,0,11 2 5 12,1,30,,1842,2,0,11 2 5 12,1,70,,1870,2,0,20 21 5 12,1,30,,1843,2,0,20 21 5 12,1,70,,1855,2,0,20 21 5 12,1,30,,1880,2,0,20 21 5 12,1,70,,1876,2,0,20 21 5 12,1,30,,1863,2,0,20 21 5 12,1,70,,1862,2,0,20 21 5 12,1,30,,1867,2,0,20 21 5 12,1,70,,1889,2,0,20 21 5 12,1,30,,1848,2,0,20 21 5 12,1
7001,'1',748,,1894,8,4,,1,70,,1892,8,4,,1,30,,1918,8,4,,1,70,,1901,8,4,,1,30,,1893,8,4,,1,70,,1922,8,4,,1,30,,1920,8,4,,1,70,,1917,8,4,,1,30,,1914,8,4,,1,70,,1921,8,4,,1,30,,1916,8,4,,1,70,,1899,8,4,,1,30,,1905,8,4,,1,70,,1900,8,4,,1,30,,1906,8,4,,1,70,,1902,8,4,,1,30,,1903,8,4,,1,70,,1919,8,4,,1,30,,1907,8,4,,1,70,,1910,8,4,,1,30,,1895,8,4,,1,70,,1911,8,4,,1,30,,1923,11,4,,1,70,,1913,11,4,,1,30,,1908,11,4,,1,70,,1909,11,4,,1,30,,1897,11,4,,1,70,,1915,11,4,,1,30,,1898,11,4,,1,70,,1896,11,4,,1,30,,1912,11,4,,1,70,,1904,11,4,,1
7001,'10',748,,1925,8,4,,1,70,,1954,8,4,,1,30,,1950,8,4,,1,70,,1933,8,4,,1,30,,1924,8,4,,1,70,,1953,8,4,,1,30,,1952,8,4,,1,70,,1949,8,4,,1,30,,1946,8,4,,1,70,,1926,8,4,,1,30,,1948,8,4,,1,70,,1931,8,4,,1,30,,1937,8,4,,1,70,,1932,8,4,,1,30,,1938,8,4,,1,70,,1934,8,4,,1,30,,1935,8,4,,1,70,,1951,8,4,,1,30,,1939,8,4,,1,70,,1942,8,4,,1,30,,1927,8,4,,1,70,,1943,8,4,,1,30,,1955,11,4,,1,70,,1945,11,4,,1,30,,1940,11,4,,1,70,,1941,11,4,,1,30,,1929,11,4,,1,70,,1947,11,4,,1,30,,1930,11,4,,1,70,,1928,11,4,,1,30,,1944,11,4,,1,70,,1936,11,4,,1
7001,'11',748,,1957,8,4,,1,70,,1986,8,4,,1,30,,1981,8,4,,1,70,,1963,8,4,,1,30,,1956,8,4,,1,70,,1985,8,4,,1,30,,1983,8,4,,1,70,,1980,8,4,,1,30,,1977,8,4,,1,70,,1984,8,4,,1,30,,1979,8,4,,1,70,,1962,8,4,,1,30,,1967,8,4,,1,70,,1976,8,4,,1,30,,1968,8,4,,1,70,,1964,8,4,,1,30,,1965,8,4,,1,70,,1982,8,4,,1,30,,1969,8,4,,1,70,,1972,8,4,,1,30,,1958,8,4,,1,70,,1973,8,4,,1,30,,1987,11,4,,1,70,,1975,11,4,,1,30,,1970,11,4,,1,70,,1971,11,4,,1,30,,1960,11,4,,1,70,,1978,11,4,,1,30,,1961,11,4,,1,70,,1959,11,4,,1,30,,1974,11,4,,1,70,,1966,11,4,,1
7001,'14',748,,1990,11,4,,1,100,,1991,11,4,,1,100,,1993,11,4,,1,100,,2003,11,4,,1,100,,1992,11,4,,1,100,,1989,11,4,,1,100,,2002,11,4,,1,100,,1995,11,4,,1,100,,1994,11,4,,1,100,,2001,11,4,,1,100,,1999,11,4,,1,100,,1988,11,4,,1,100,,2000,11,4,,1,100,,1998,11,4,,1,100,,1997,11,4,,1,100,,1996,11,4,,1
7001,'3',748,,2006,8,4,,1,70,,2004,8,4,,1,30,,2030,8,4,,1,70,,2013,8,4,,1,30,,2005,8,4,,1,70,,2034,8,4,,1,30,,2032,8,4,,1,70,,2029,8,4,,1,30,,2026,8,4,,1,70,,2033,8,4,,1,30,,2028,8,4,,1,70,,2011,8,4,,1,30,,2017,8,4,,1,70,,2012,8,4,,1,30,,2018,8,4,,1,70,,2014,8,4,,1,30,,2015,8,4,,1,70,,2031,8,4,,1,30,,2019,8,4,,1,70,,2022,8,4,,1,30,,2007,8,4,,1,70,,2023,8,4,,1,30,,2035,11,4,,1,70,,2025,11,4,,1,30,,2020,11,4,,1,70,,2021,11,4,,1,30,,2009,11,4,,1,70,,2027,11,4,,1,30,,2010,11,4,,1,70,,2008,11,4,,1,30,,2024,11,4,,1,70,,2016,11,4,,1
7501,'1',703,,2042,1,0,11 2 23 24,1,30,,2037,1,0,11 2 23 24,1,70,,2041,1,0,11 2 23 24,1,30,,2064,1,0,11 2 23 24,1,70,,2065,1,0,11 2 23 24,1,30,,2066,1,0,11 2 23 24,1,70,,2057,1,0,11 2 23 24,1,30,,2067,1,0,11 2 23 24,1,70,,2046,1,0,11 2 23 24,1,30,,2060,1,0,11 2 23 24,1,70,,2047,1,0,11 2 23 24,1,30,,2058,1,0,11 2 23 24,1,70,,2054,1,0,11 2 23 24,1,30,,2063,1,0,11 2 23 24,1,70,,2052,1,0,11 2 23 24,1,30,,2045,1,0,11 2 23 24,1,70,,2062,1,0,11 2 23 24,1,30,,2050,1,0,11 2 23 24,1,70,,2038,1,0,11 2 23 24,1,30,,2053,1,0,11 2 23 24,1,70,,2049,1,0,11 2 23 24,1,30,,2061,1,0,11 2 23 24,1,70,,2039,1,0,20 21 23 24,1,30,,2051,1,0,20 21 23 24,1,70,,2043,1,0,20 21 23 24,1,30,,2036,1,0,20 21 23 24,1,70,,2055,1,0,20 21 23 24,1,30,,2056,1,0,20 21 23 24,1,70,,2059,1,0,20 21 23 24,1,30,,2048,1,0,20 21 23 24,1,70,,2044,1,0,20 21 23 24,1,30,,2040,1,0,20 21 23 24,1
7501,'10',703,,2074,1,0,11 2 23 24,1,30,,2069,1,0,11 2 23 24,1,70,,2073,1,0,11 2 23 24,1,30,,2077,1,0,11 2 23 24,1,70,,2097,1,0,11 2 23 24,1,30,,2099,1,0,11 2 23 24,1,70,,2090,1,0,11 2 23 24,1,30,,2082,1,0,11 2 23 24,1,70,,2078,1,0,11 2 23 24,1,30,,2092,1,0,11 2 23 24,1,70,,2079,1,0,11 2 23 24,1,30,,2098,1,0,11 2 23 24,1,70,,2087,1,0,11 2 23 24,1,30,,2096,1,0,11 2 23 24,1,70,,2085,1,0,11 2 23 24,1,30,,2095,1,0,11 2 23 24,1,70,,2094,1,0,11 2 23 24,1,30,,2083,1,0,11 2 23 24,1,70,,2070,1,0,11 2 23 24,1,30,,2086,1,0,11 2 23 24,1,70,,2081,1,0,11 2 23 24,1,30,,2093,1,0,11 2 23 24,1,70,,2071,1,0,20 21 23 24,1,30,,2084,1,0,20 21 23 24,1,70,,2075,1,0,20 21 23 24,1,30,,2068,1,0,20 21 23 24,1,70,,2088,1,0,20 21 23 24,1,30,,2089,1,0,20 21 23 24,1,70,,2091,1,0,20 21 23 24,1,30,,2080,1,0,20 21 23 24,1,70,,2076,1,0,20 21 23 24,1,30,,2072,1,0,20 21 23 24,1
7501,'11',703,,2106,1,0,11 2 23 24,1,30,,2101,1,0,11 2 23 24,1,70,,2105,1,0,11 2 23 24,1,30,,2109,1,0,11 2 23 24,1,70,,2130,1,0,11 2 23 24,1,30,,2131,1,0,11 2 23 24,1,70,,2123,1,0,11 2 23 24,1,30,,2114,1,0,11 2 23 24,1,70,,2110,1,0,11 2 23 24,1,30,,2125,1,0,11 2 23 24,1,70,,2111,1,0,11 2 23 24,1,30,,2128,1,0,11 2 23 24,1,70,,2120,1,0,11 2 23 24,1,30,,2129,1,0,11 2 23 24,1,70,,2118,1,0,11 2 23 24,1,30,,2117,1,0,11 2 23 24,1,70,,2127,1,0,11 2 23 24,1,30,,2115,1,0,11 2 23 24,1,70,,2102,1,0,11 2 23 24,1,30,,2119,1,0,11 2 23 24,1,70,,2113,1,0,11 2 23 24,1,30,,2126,1,0,11 2 23 24,1,70,,2103,1,0,20 21 23 24,1,30,,2116,1,0,20 21 23 24,1,70,,2107,1,0,20 21 23 24,1,30,,2100,1,0,20 21 23 24,1,70,,2121,1,0,20 21 23 24,1,30,,2122,1,0,20 21 23 24,1,70,,2124,1,0,20 21 23 24,1,30,,2112,1,0,20 21 23 24,1,70,,2108,1,0,20 21 23 24,1,30,,2104,1,0,20 21 23 24,1
7501,'14',703,,2141,1,0,20 21 23 24,1,100,,2143,1,0,20 21 23 24,1,100,,2142,1,0,20 21 23 24,1,100,,2147,1,0,20 21 23 24,1,100,,2146,1,0,20 21 23 24,1,100,,2144,1,0,20 21 23 24,1,100,,2133,1,0,20 21 23 24,1,100,,2140,1,0,20 21 23 24,1,100,,2137,1,0,20 21 23 24,1,100,,2138,1,0,20 21 23 24,1,100,,2145,1,0,20 21 23 24,1,100,,2132,1,0,20 21 23 24,1,100,,2134,1,0,20 21 23 24,1,100,,2139,1,0,20 21 23 24,1,100,,2135,1,0,20 21 23 24,1,100,,2136,1,0,20 21 23 24,1
7501,'3',703,,2154,1,0,11 2 23 24,1,30,,2149,1,0,11 2 23 24,1,70,,2153,1,0,11 2 23 24,1,30,,2176,1,0,11 2 23 24,1,70,,2177,1,0,11 2 23 24,1,30,,2178,1,0,11 2 23 24,1,70,,2169,1,0,11 2 23 24,1,30,,2179,1,0,11 2 23 24,1,70,,2158,1,0,11 2 23 24,1,30,,2172,1,0,11 2 23 24,1,70,,2159,1,0,11 2 23 24,1,30,,2170,1,0,11 2 23 24,1,70,,2166,1,0,11 2 23 24,1,30,,2175,1,0,11 2 23 24,1,70,,2164,1,0,11 2 23 24,1,30,,2157,1,0,11 2 23 24,1,70,,2174,1,0,11 2 23 24,1,30,,2162,1,0,11 2 23 24,1,70,,2150,1,0,11 2 23 24,1,30,,2165,1,0,11 2 23 24,1,70,,2161,1,0,11 2 23 24,1,30,,2173,1,0,11 2 23 24,1,70,,2151,1,0,20 21 23 24,1,30,,2163,1,0,20 21 23 24,1,70,,2155,1,0,20 21 23 24,1,30,,2148,1,0,20 21 23 24,1,70,,2167,1,0,20 21 23 24,1,30,,2168,1,0,20 21 23 24,1,70,,2171,1,0,20 21 23 24,1,30,,2160,1,0,20 21 23 24,1,70,,2156,1,0,20 21 23 24,1,30,,2152,1,0,20 21 23 24,1
