2500,'1',725,,129,22,4,,1,100,,131,22,4,,1,100,,124,22,4,,1,100,,118,22,4,,1,100,,120,22,4,,1,100,,127,22,4,,1,100,,121,22,4,,1,100,,123,22,4,,1,100,,130,22,4,,1,100,,117,22,4,,1,100,,126,22,4,,1,100,,116,22,4,,1,100,,125,22,4,,1,100,,128,22,4,,1,100,,119,22,4,,1,100,,122,22,4,,1
2500,'10',725,,145,22,4,,1,100,,147,22,4,,1,100,,140,22,4,,1,100,,134,22,4,,1,100,,136,22,4,,1,100,,143,22,4,,1,100,,137,22,4,,1,100,,139,22,4,,1,100,,146,22,4,,1,100,,133,22,4,,1,100,,142,22,4,,1,100,,132,22,4,,1,100,,141,22,4,,1,100,,144,22,4,,1,100,,135,22,4,,1,100,,138,22,4,,1
2500,'11',725,,161,22,4,,1,100,,163,22,4,,1,100,,156,22,4,,1,100,,150,22,4,,1,100,,152,22,4,,1,100,,159,22,4,,1,100,,153,22,4,,1,100,,155,22,4,,1,100,,162,22,4,,1,100,,149,22,4,,1,100,,158,22,4,,1,100,,148,22,4,,1,100,,157,22,4,,1,100,,160,22,4,,1,100,,151,22,4,,1,100,,154,22,4,,1
2500,'14',725,,176,22,4,,1,100,,173,22,4,,1,100,,177,22,4,,1,100,,172,22,4,,1,100,,168,22,4,,1,100,,175,22,4,,1,100,,174,22,4,,1,100,,178,22,4,,1,100,,179,22,4,,1,100,,171,22,4,,1,100,,170,22,4,,1,100,,167,22,4,,1,100,,164,22,4,,1,100,,166,22,4,,1,100,,169,22,4,,1,100,,165,22,4,,1
2500,'3',725,,193,22,4,,1,100,,195,22,4,,1,100,,188,22,4,,1,100,,182,22,4,,1,100,,184,22,4,,1,100,,191,22,4,,1,100,,185,22,4,,1,100,,187,22,4,,1,100,,194,22,4,,1,100,,181,22,4,,1,100,,190,22,4,,1,100,,180,22,4,,1,100,,189,22,4,,1,100,,192,22,4,,1,100,,183,22,4,,1,100,,186,22,4,,1
2501,'1',630,,202,1,0,26 27 28,1,100,,207,1,0,26 27 28,1,100,,209,1,0,26 27 28,1,100,,204,1,0,26 27 28,1,100,,206,1,0,26 27 28,1,100,,199,1,0,26 27 28,1,100,,197,1,0,26 27 28,1,100,,210,1,0,26 27 28,1,100,,208,1,0,26 27 28,1,100,,201,1,0,26 27 28,1,100,,211,1,0,26 27 28,1,100,,198,1,0,26 27 28,1,100,,203,1,0,26 27 28,1,100,,205,1,0,26 27 28,1,100,,200,1,0,26 27 28,1,100,,196,1,0,26 27 28,1
2501,'10',630,,218,1,0,26 27 28,1,100,,223,1,0,26 27 28,1,100,,225,1,0,26 27 28,1,100,,220,1,0,26 27 28,1,100,,222,1,0,26 27 28,1,100,,215,1,0,26 27 28,1,100,,213,1,0,26 27 28,1,100,,226,1,0,26 27 28,1,100,,224,1,0,26 27 28,1,100,,217,1,0,26 27 28,1,100,,227,1,0,26 27 28,1,100,,214,1,0,26 27 28,1,100,,219,1,0,26 27 28,1,100,,221,1,0,26 27 28,1,100,,216,1,0,26 27 28,1,100,,212,1,0,26 27 28,1
2501,'11',630,,234,1,0,26 27 28,1,100,,239,1,0,26 27 28,1,100,,241,1,0,26 27 28,1,100,,236,1,0,26 27 28,1,100,,238,1,0,26 27 28,1,100,,231,1,0,26 27 28,1,100,,229,1,0,26 27 28,1,100,,242,1,0,26 27 28,1,100,,240,1,0,26 27 28,1,100,,233,1,0,26 27 28,1,100,,243,1,0,26 27 28,1,100,,230,1,0,26 27 28,1,100,,235,1,0,26 27 28,1,100,,237,1,0,26 27 28,1,100,,232,1,0,26 27 28,1,100,,228,1,0,26 27 28,1
2501,'14',630,,252,1,0,26 27 28,1,100,,250,1,0,26 27 28,1,100,,246,1,0,26 27 28,1,100,,247,1,0,26 27 28,1,100,,254,1,0,26 27 28,1,100,,255,1,0,26 27 28,1,100,,259,1,0,26 27 28,1,100,,244,1,0,26 27 28,1,100,,257,1,0,26 27 28,1,100,,249,1,0,26 27 28,1,100,,256,1,0,26 27 28,1,100,,248,1,0,26 27 28,1,100,,258,1,0,26 27 28,1,100,,251,1,0,26 27 28,1,100,,245,1,0,26 27 28,1,100,,253,1,0,26 27 28,1
2501,'3',630,,266,1,0,26 27 28,1,100,,271,1,0,26 27 28,1,100,,273,1,0,26 27 28,1,100,,268,1,0,26 27 28,1,100,,270,1,0,26 27 28,1,100,,263,1,0,26 27 28,1,100,,261,1,0,26 27 28,1,100,,274,1,0,26 27 28,1,100,,272,1,0,26 27 28,1,100,,265,1,0,26 27 28,1,100,,275,1,0,26 27 28,1,100,,262,1,0,26 27 28,1,100,,267,1,0,26 27 28,1,100,,269,1,0,26 27 28,1,100,,264,1,0,26 27 28,1,100,,260,1,0,26 27 28,1
