4000,201000,1,0
4000,200900,2,0
4000,500001,3,0
4000,500002,4,0
4000,11,5,0
4000,1,6,1
4500,1,1,0
4500,11,2,0
4500,500001,3,0
4500,500002,4,0
4500,200901,5,0
4500,201000,6,1
5000,201000,1,0
5000,200900,2,0
5000,200844,3,0
5000,200845,4,0
5000,77,5,0
5000,9000000,6,0
5000,25,7,0
5000,202,8,0
5000,22,9,0
5000,1,10,1
5500,1,1,0
5500,22,2,0
5500,9000000,3,0
5500,25,4,0
5500,202,5,0
5500,77,6,0
5500,200846,7,0
5500,200363,8,0
5500,200901,9,0
5500,201000,10,1
6000,201000,1,0
6000,200900,2,0
6000,100003,3,0
6000,200315,4,0
6000,200902,5,0
6000,100002,6,0
6000,100001,7,0
6000,3400000,8,1
6500,3400000,1,0
6500,200001,2,0
6500,200002,3,0
6500,200902,4,0
6500,200315,5,0
6500,200003,6,0
6500,200901,7,0
6500,201000,8,1
7000,1,1,0
7000,22,2,0
7000,1127,3,0
7000,202,4,0
7000,3400001,5,0
7000,3400250,6,0
7000,3400000,7,1
7500,3400000,1,0
7500,3400250,2,0
7500,300001,3,0
7500,1127,4,0
7500,202,5,0
7500,22,6,0
7500,1,7,1
1004000,201000,1,0
1004000,500001,2,1
1004500,500001,1,0
1004500,201000,2,1
